# stan_version_major = 2
# stan_version_minor = 29
# stan_version_patch = 2
# model = cereal_2b_ppc_model
# start_datetime = 2022-06-12 20:31:06 UTC
# method = sample (Default)
#   sample
#     num_samples = 1000 (Default)
#     num_warmup = 0
#     save_warmup = 0 (Default)
#     thin = 1 (Default)
#     adapt
#       engaged = 1 (Default)
#       gamma = 0.050000000000000003 (Default)
#       delta = 0.80000000000000004 (Default)
#       kappa = 0.75 (Default)
#       t0 = 10 (Default)
#       init_buffer = 75 (Default)
#       term_buffer = 50 (Default)
#       window = 25 (Default)
#     algorithm = fixed_param
#     num_chains = 1 (Default)
# id = 1 (Default)
# data
#   file = C:\Users\user\AppData\Local\Temp\tmpay9zw7ak\0kdm5yeg.json
# init = 2 (Default)
# random
#   seed = 12062022
# output
#   file = C:\GitHub\DataAnalyticsProject\Project\samples\cereal_2b_ppc-20220612223106.csv
#   diagnostic_file =  (Default)
#   refresh = 1000
#   sig_figs = -1 (Default)
#   profile_file = profile.csv (Default)
# num_threads = 1 (Default)
# stanc_version = stanc3 v2.29.2
# stancflags = 
lp__,accept_stat__,alpha,beta,sigma,calorie.1,calorie.2,calorie.3,calorie.4,calorie.5,calorie.6,calorie.7,calorie.8,calorie.9,calorie.10,calorie.11,calorie.12,calorie.13,calorie.14,calorie.15,calorie.16,calorie.17,calorie.18,calorie.19,calorie.20,calorie.21,calorie.22,calorie.23,calorie.24,calorie.25,calorie.26,calorie.27,calorie.28,calorie.29,calorie.30,calorie.31,calorie.32,calorie.33,calorie.34,calorie.35,calorie.36,calorie.37,calorie.38,calorie.39,calorie.40,calorie.41,calorie.42,calorie.43,calorie.44,calorie.45,calorie.46,calorie.47,calorie.48,calorie.49,calorie.50,calorie.51,calorie.52,calorie.53,calorie.54,calorie.55,calorie.56,calorie.57,calorie.58,calorie.59,calorie.60,calorie.61,calorie.62,calorie.63,calorie.64,calorie.65,calorie.66,calorie.67,calorie.68,calorie.69,calorie.70,calorie.71,calorie.72,calorie.73,calorie.74,calorie.75,calorie.76
0,0,92.8203,0.238312,1.24752,90.7679,89.4341,90.9655,90.6858,90.4036,90.0857,92.9285,91.2443,90.8648,91.0825,90.9814,91.4664,91.0016,91.2899,92.9271,92.0572,94.1835,92.1222,94.3637,90.8566,93.2542,91.6311,92.4256,92.3879,91.4867,92.5587,91.3668,92.5937,91.1527,93.5203,92.6955,92.4966,91.5201,92.1266,91.8251,94.097,91.978,91.8262,91.3047,91.4924,90.5494,92.3584,92.4646,94.186,94.0393,92.7221,91.7172,94.1962,92.7574,93.8032,94.5539,92.9132,92.7671,94.6959,93.1108,92.1093,92.7424,91.86,93.7311,92.8461,91.9444,93.8877,95.0349,95.1198,95.3372,95.0001,95.5327,93.3769,96.0837,96.233,94.8812,93.5999,96.5496,96.2165,96.1134,94.6126
0,0,146.952,0.551097,26.7058,138.308,119.484,164.364,102.418,169.748,114.601,118.361,154.644,174.165,142.458,188.344,169.337,172.552,148.148,105.308,147.753,176.143,154.15,171.684,150.314,180.434,198.316,155.519,164.751,143.022,160.975,118.087,179.292,137.613,143.608,142.598,104.93,114.832,138.473,127.249,154.723,126.91,134.063,150.711,139.252,161.743,219.926,182.347,203.679,126.853,158.305,150.606,157.152,140.917,131.808,164.98,139.49,146.826,91.3555,97.7365,139.768,180.946,151.799,143.951,143.97,141.614,152.23,170.23,177.203,162.112,168.761,170.398,201.799,124.023,136.911,155.609,183.006,176.905,126.919,109.231,155.607
0,0,142.023,0.875654,17.5005,159.476,134.383,121.985,166.074,154.359,143.372,119.167,155.724,134.707,162.067,151.656,134.472,88.0808,118.034,143.104,144.547,98.0079,150.732,150.476,105.147,165.361,119.856,140.828,173.105,164.474,142.825,150.448,145.195,130.415,145.634,139.161,128.283,137.907,146.844,130.675,134.46,156.625,123.589,135.482,131.503,137.551,106.951,120.806,130.018,93.642,135.963,125.494,168.008,157.494,141.903,140.205,164.445,155.302,133.734,165.055,120.542,150.967,171.18,167.066,129.668,123.293,166.772,152.563,135.06,143.064,167.476,141.422,163.594,131.887,139.301,165.545,122.724,156.493,164.557,154.052,154.516
0,0,102.685,0.859905,15.5411,82.6454,96.4919,126.787,73.1715,73.465,88.7579,71.2109,100.962,123.081,113.413,104.587,104.381,109.913,98.4072,127.123,98.4148,102.948,107.703,93.522,84.9246,96.9214,82.7229,98.4159,104.159,123.505,77.0901,74.0624,122.593,108.184,87.9876,113.742,121.417,90.8142,100.904,94.1171,92.2565,98.4424,100.365,99.4686,107.415,109.635,92.0437,161.178,92.8732,105.578,89.3894,104.947,99.9205,120.526,143.892,101.687,109.813,103.716,91.9953,101.377,107.774,117.566,100.558,116.353,100.446,128.021,103.461,92.7788,97.1037,96.7973,103.352,102.492,123.382,95.9455,97.771,116.054,112.155,96.1375,128.968,124.265,118
0,0,117.906,0.618471,10.6941,118.017,128.452,99.1665,106.518,116.25,116.986,97.8419,136.727,115.69,112.694,111.2,111.972,94.9187,122.62,122.165,139.485,125.467,123.328,108.493,139.705,121.587,110.861,122.949,121.07,123.155,109.518,130.368,118.77,125.761,119.599,111.454,127.73,134.207,127.528,103.331,101.418,127.982,126.289,93.6037,120.351,109.338,110.932,113.276,122.266,122.682,109.723,97.5597,109.455,109.84,104.816,113.393,104.006,112.197,125.846,125.852,123.33,113.367,114.851,117.467,113.036,112.973,123.774,111.993,120.659,138.859,146.901,128.214,137.833,132.065,118.094,111.931,137.368,119.187,128.697,111.795,117.203
0,0,118.206,0.0758905,58.2157,183.571,145.094,136.449,61.4101,100.873,27.6719,94.9783,185.912,145.293,127.831,149.779,29.3,125.273,161.936,94.4978,116.775,61.1172,72.9227,265.504,35.5823,123.039,159.021,19.8783,140.215,116.11,244.876,165.763,51.6016,290.332,128.123,148.435,14.1282,167.723,70.047,157.034,115.256,94.4602,10.669,128.097,145.481,230.341,159.933,120.409,164.694,102.891,186.601,96.2318,72.9892,97.0449,-46.6695,172.153,149.569,83.4265,139.635,77.8779,49.372,222.922,33.0879,88.3852,64.7227,22.867,203.538,57.0055,90.7073,41.6184,136.614,195.795,126.553,-5.99595,84.1616,144.73,94.3531,70.0033,165.31,132.851,135.839
0,0,113.06,0.17398,24.5366,138.627,147.09,128.661,132.753,122.679,93.4845,104.95,130.015,143.308,77.0854,107.656,164.127,143.776,110.975,93.8173,111.74,136.956,94.2681,81.169,93.1315,160.908,128.029,108.586,99.7788,108.785,93.0868,151.809,129.62,87.2629,96.1313,101.962,65.7927,95.9975,146.102,127.94,134.974,137.979,109.267,133.578,114.266,106.113,101.132,118.92,111.2,82.7185,98.4274,132.621,115.905,90.2853,118.856,129.905,110.277,139.662,128.923,57.0059,91.7027,77.6147,131.717,101.001,112.144,101.366,139.285,117.955,132.084,145.472,123.903,80.1276,83.0779,95.3421,171.976,56.3716,127.629,136.455,124.942,139.808,111.192
0,0,134.685,8.13926,17.287,62.3694,87.9593,59.0229,75.1714,92.3686,100.775,69.693,85.6683,77.0247,104.457,103.95,116.03,105.908,75.1214,97.3276,120.07,124.846,109.331,124.963,108.713,95.8707,109.989,119.144,119.204,98.6082,115.499,111.78,117.461,112.022,111.504,123.694,148.62,145.679,134.683,167.602,148.472,145.935,144.616,155.989,139.148,148.568,151.99,138.324,125.838,183.117,144.608,155.942,141.818,127.34,145.082,140.114,165.349,169.742,171.467,159.998,172.545,153.434,159.901,147.312,151.533,206.504,184.753,202.765,180.515,201.727,171.702,219.105,190.174,164.703,182.982,188.625,180.781,212.305,205.287,211.414,190.281
0,0,110.089,1.64044,10.1416,115.394,88.723,107.686,100.187,96.8443,101.402,115.432,100.246,115.041,87.6978,98.8701,88.4015,120.284,103.061,100.007,105.344,95.6729,109.489,105.084,95.7113,93.7794,103.443,98.3033,105.804,107.957,105.941,111.752,118.449,102.137,111.557,107.401,106.697,123.466,124.898,109.523,107.213,103.764,89.9342,103.778,105.533,100.579,131.411,113.572,99.1371,98.7293,108.228,121.056,113.566,102.313,110.647,126.226,108.621,107.801,128.386,119.127,114.082,114.9,109.278,119.393,114.504,127.636,147.644,104.102,126.096,99.2476,99.2643,132.837,131.466,128.652,118.909,131.045,144.756,113.163,120.323,112.555,119.635
0,0,64.2788,0.417893,16.959,71.2118,55.7499,34.5781,35.035,67.8887,61.2644,55.9512,74.3159,81.3945,53.6205,57.4345,69.021,55.6342,64.3682,74.1908,34.3725,67.0767,51.851,30.252,60.7915,55.3303,48.5724,70.1196,72.989,26.9392,58.841,63.7195,48.6911,78.1005,36.4151,59.0033,91.0011,49.2315,83.6626,58.9445,73.7188,51.4232,53.0052,64.7017,57.0988,73.3923,56.5917,30.4636,89.4312,52.0592,74.4473,57.8944,85.1587,78.0768,71.7736,82.7554,63.8245,85.0971,72.7277,68.6481,62.7482,64.2402,44.455,69.1037,64.0952,85.5462,46.8672,70.3324,82.4388,57.9829,64.4111,45.6765,80.9539,75.1529,63.0799,79.0374,43.854,25.6339,71.621,50.807,82.8288
0,0,99.6135,0.679382,1.2288,95.8387,94.2446,93.7005,95.469,94.4399,97.0901,95.9803,94.8818,96.6911,93.0061,94.6654,95.0503,97.4377,96.1689,97.1007,96.2503,98.6516,95.6923,97.1965,96.5579,97.5698,98.3636,97.729,98.5644,97.4166,99.1945,96.8476,97.9181,97.7235,99.9492,98.4441,98.8005,95.5032,99.8752,102.201,100.641,100.395,100.524,103.35,98.4113,101.217,100.352,101.671,101.72,99.9403,97.6242,100.8,99.782,101.82,103.432,99.6936,102.584,102.035,102.348,104.447,101.472,103.439,102.521,101.199,102.899,103.758,104.051,104.882,104.078,101.203,104.997,102.22,104.592,103.643,103.666,104.486,103.661,103.385,103.566,106.437,105.468
0,0,127.143,2.81532,12.5573,97.3553,110.298,139.511,107.701,123.152,134.675,120.158,117.543,103.015,101.514,120.079,126.33,117.764,133.298,113.048,111.025,126.63,127.762,126.145,108.425,125.886,120.676,124.688,138.945,99.6951,127.65,109.045,132.353,114.623,132.125,129.379,109.483,108.195,141.708,124.066,114.818,99.6995,134.757,138.968,130.282,144.471,120.754,89.971,127.825,133.546,118.14,141.171,127.552,142.214,140.788,138.804,160.379,145.187,157.664,123.75,116.722,132.964,139.778,139.154,144.849,131.338,156.51,148.052,138.221,136.455,127.336,149.234,126.502,140.695,154.506,148.535,148.297,133.285,170.257,138.103,156.637
0,0,115.643,2.01044,40.7976,121.602,47.8008,81.7733,70.097,140.581,118.895,41.3863,40.9739,83.7548,48.8836,154.678,43.985,94.7702,52.2629,132.017,122.633,116.743,124.998,110.162,111.165,93.4762,74.9104,98.8854,129.928,124.304,50.6791,111.637,154.315,133.849,129.6,88.4148,138.996,133.329,111.595,157.068,123.921,107.686,156.321,72.7702,111.469,79.0251,81.0353,112.742,45.3719,138.256,142.808,65.3778,69.1027,114.855,227.456,133.038,109.378,71.926,175.598,170.267,222.234,119.203,91.7026,99.1584,228.286,108.607,195.464,154.23,104.555,127.821,107.321,141.128,123.116,111.403,141.661,101.259,130.702,42.2804,153.276,143.869,102.06
0,0,130.662,2.91153,20.2192,98.885,134.682,129.038,108.537,89.9254,116.829,89.5038,119.551,86.514,127.714,105.623,132.365,131.726,99.6824,103.042,119.089,104.008,127.747,107.334,114.725,122.002,154.97,93.3638,117.516,115.229,126.603,152.957,158.626,134.649,103.595,140.518,107.819,124.128,114.566,128.324,166.645,131.817,156.482,86.0732,142.985,155.047,109.504,127.756,109.282,161.282,131.316,109.122,145.53,156.083,150.045,100.877,120.847,136.388,148.438,139.262,143.505,149.059,136.286,155.525,138.318,152.913,125.978,128.223,142.319,135.125,139.752,169.816,166.027,171.765,136.882,161.249,137.468,125.65,159.773,160.939,170.418
0,0,104.651,0.474268,43.2997,52.3897,125.4,126.952,85.2214,67.7428,125.018,72.9812,82.123,126.7,108.967,82.8793,63.7627,68.1931,93.027,135.098,112.781,55.4888,45.1233,136.342,101.491,82.4295,85.7786,87.1878,69.8736,178.725,137.965,125.055,97.1744,126.124,150.688,74.6156,112.155,125.419,39.3487,103.77,95.7955,83.2676,119.599,93.5863,144.218,2.13581,85.0283,38.655,145.662,161.726,111.037,34.3289,143.276,225.127,123.23,118.226,70.3938,128.761,126.176,148.818,34.6079,161.689,72.0124,142.249,143.611,112.073,83.4247,97.8076,120.729,140.223,175.975,130.22,132.837,41.0687,99.6909,123.283,79.7742,33.2982,167.808,75.3178,110.204
0,0,106.018,2.04241,2.54432,91.9717,94.6759,94.3731,96.4714,91.0526,95.9947,87.4594,97.6924,94.1061,95.8976,95.1292,95.1076,100.683,99.6467,98.9421,99.1587,98.6736,99.3886,101.923,97.2294,98.0555,100.597,101.601,99.9061,102.064,100.236,103.327,104.156,104.858,105.949,100.488,103.011,104.347,105.966,108.727,108.954,105.126,102.143,106.101,111.372,109.629,111.066,107.717,110.524,107.686,104.993,105.743,112.514,112.766,112.452,106.794,116.052,115.504,112.359,114.144,111.408,116.416,118.561,116.465,115.072,119.554,119.956,118.234,119.529,112.055,118.962,118.09,115.953,119.337,118.768,120.523,116.646,119.328,122.237,122.033,121.414
0,0,87.5717,0.288657,11.0534,87.3661,92.359,76.2158,89.3855,96.4893,78.2899,77.4591,71.4578,77.8274,84.9129,75.296,90.4125,81.9564,83.7021,88.3221,83.8672,82.6031,77.9151,74.0221,92.5752,88.8152,99.6998,57.1997,84.7538,59.6125,93.9828,89.0479,86.9718,96.3733,86.0877,97.4447,74.5058,84.3926,84.0527,81.6156,77.0543,88.1405,85.1103,92.9403,99.596,90.1513,82.5488,87.6934,86.822,102.521,93.2014,68.5566,76.0363,80.6465,94.7116,80.799,94.9289,94.3456,99.29,87.5848,96.4361,86.3133,85.4679,89.3815,70.2878,87.9823,90.7081,88.3368,82.082,94.7995,90.4761,90.122,85.2991,80.9297,86.292,76.6557,77.2986,90.3007,114.591,98.4843,68.1538
0,0,80.9225,0.653829,7.58392,73.4042,78.6944,81.2237,81.0566,91.6401,71.0176,63.6062,72.202,84.4662,68.9617,67.8247,80.1457,71.8672,79.0717,79.5355,88.1961,83.6944,89.7909,97.8882,71.1486,75.9069,91.1811,88.5251,83.4764,72.8501,82.1864,77.0253,81.8756,70.7306,81.132,76.232,76.3937,84.7996,81.9852,76.1274,94.1891,70.5131,82.8823,70.3526,84.5078,95.6624,82.6032,76.5606,80.1359,81.9705,79.284,93.3707,73.9723,90.4591,75.382,71.1758,67.6421,82.8468,72.2683,69.782,87.431,77.9425,78.5196,71.4188,77.5401,86.2055,73.5116,82.4915,91.3439,87.7179,87.017,90.9077,96.0628,73.2381,80.1628,84.5703,89.5976,98.9152,74.8195,81.1207,92.3468
0,0,110.602,0.759585,24.0457,73.9468,105.977,116.031,92.3912,111.87,97.7824,105.14,107.536,109.628,90.4851,49.4171,88.182,98.8946,103.989,94.6634,105.332,95.1457,106.011,97.2717,119.995,108.697,129.225,110.478,89.4675,144.087,151.574,77.1707,78.3574,94.646,146.487,117.378,144.996,88.306,117.356,130.73,98.235,138.194,98.4603,105.621,88.2036,104.1,138.347,108.228,156.199,106.064,105.519,146.549,110.537,106.996,128.579,100.466,127.737,106.874,131.587,85.3361,173.404,168.449,105.649,126.733,124.236,88.1399,65.5616,112.718,115.156,167.411,101.403,149.26,116.157,91.8902,90.6411,89.6344,141.539,61.7487,98.7324,130.557,147.972
0,0,124.722,0.367557,7.11611,127.401,119.825,128.475,127.329,129.404,115.919,128.889,122.439,132.643,127.588,115.371,122.695,114.541,133.973,129.927,125.975,127.527,115.699,133.688,124.348,121.713,121.188,119.638,126.016,122.4,122.655,129.793,116.165,122.102,115.889,122.665,122.278,115.325,124.514,119.759,121.468,125.139,119.715,134.323,133.918,124.376,126.098,122.832,119.56,122.645,128.677,121.716,116.574,118.405,119.122,125.695,119.332,122.961,136.635,134.249,123.688,129.44,111.897,101.34,118.272,127.981,118.311,116.486,133.046,138.923,127.076,122.004,135.692,122.248,130.923,133.643,126.279,122.101,122.165,127.187,124.956
0,0,105.942,0.538315,27.408,127.6,76.9492,130.02,98.3782,97.9683,141.479,71.0243,97.0789,103.851,104.752,157.994,104.227,142.516,91.4537,104.859,134.606,85.1014,52.5938,130.034,163.208,60.8927,128.318,107.972,111.515,34.7104,117.025,125.518,135.221,77.3934,68.3571,143.094,117.296,107.087,123.49,83.5308,89.5134,113.968,108.894,95.3104,87.26,137.752,76.4824,134.863,136.873,133.659,91.1942,93.8751,69.7663,131.233,117.478,115.031,50.2906,131.307,88.8887,105.982,115.138,135.897,92.9807,126.052,71.3526,135.112,86.8146,88.2325,145.637,118.155,151.472,74.5502,121.554,155.493,97.2597,96.3606,89.9953,141.978,133.578,105.262,79.55
0,0,102.908,0.536394,3.14721,96.3724,100.026,101.153,102.367,96.8691,102.318,99.4238,101.778,101.538,101.41,100.991,98.6598,104.988,100.163,95.0155,100.305,96.0685,101.327,99.5875,100.116,101.193,102.932,101.6,101.069,102.457,95.4751,95.927,107.742,97.3037,103.967,105.127,103.547,102.303,104.999,105.641,101.048,107.533,96.4654,102.266,103.82,102.384,103.468,104.015,102.415,100.927,106.338,103.288,100.363,98.4622,101.533,107.235,103.508,107.513,104.134,105.848,105.997,98.9079,108.565,104.043,104.976,106.24,97.9746,105.168,108.679,101.333,113.144,106.692,105.39,106.402,105.942,107.008,104.031,104.201,111.523,106.399,105.312
0,0,125.571,0.684088,7.54325,123.654,130.692,99.8484,130.31,119.324,133.053,126.795,122.011,121.889,128.036,124.316,116.515,133.203,128.019,119.448,111.571,128.429,110.792,119.297,124.705,122.165,122.215,121.793,131.732,117.618,131.077,115.729,122.375,130.194,120.031,111.288,126.837,120.529,122.435,118.265,120.441,122.983,150.149,140.975,131.603,134.128,128.395,127.383,124.056,129.659,113.542,136.077,138.587,127.661,130.354,136.885,133.579,128.26,141.272,119.461,127.347,133.379,133.018,130.604,130.68,121.961,129.224,145.052,130.33,125.234,131.642,121.163,127.033,136.403,107.84,137.957,126.793,128.04,128.766,134.849,131.26
0,0,148.763,1.21855,22.1281,145.256,168.14,195.013,145.62,157.07,102.011,112.833,177.353,131.962,152.357,169.112,118.667,159.417,120.97,161.057,154.509,156.63,154.286,125.043,132.785,114.836,97.5383,119.756,134.558,129.523,183.951,102.681,125.6,148.567,173.047,122.85,174.061,132.022,88.5871,121.55,171.239,142.279,166.127,197.311,150.567,151.573,191.718,148.067,103.329,149.679,115.148,121.933,173.113,139.476,180.633,151.273,176.311,166.168,144.418,192.449,137.962,163.195,156.3,163.464,175.715,166.282,149.63,90.211,159.315,131.471,158.386,157.837,157.172,146.194,175.467,179.959,160.314,163.796,153.746,157.69,167.386
0,0,98.797,0.434815,0.72935,96.5598,94.9271,96.8896,96.9442,95.8386,95.6512,95.1279,95.0109,95.9505,96.5261,96.4268,97.5597,97.2278,97.0551,96.7906,98.2356,97.6331,97.3648,97.262,96.8884,98.4239,98.4337,98.142,99.5293,98.3242,97.4696,97.48,97.8488,97.6755,98.4738,98.8465,99.2346,98.429,98.6286,97.9109,98.9228,99.241,99.3,98.475,100.127,98.5709,98.2419,99.1728,100.563,100,98.8803,99.9139,99.2544,99.8402,100.601,99.8239,100.855,99.7639,100.641,99.8297,100.685,101.551,101.446,100.632,100.643,100.868,100.547,100.923,101.37,101.728,100.829,100.092,100.881,100.228,102.483,101.143,102.418,102.355,101.668,101.814,103.483
0,0,78.2008,0.967119,8.17221,54.3093,72.1189,61.3563,69.8761,62.6341,66.0057,58.8641,64.2655,67.6871,78.4794,80.1098,78.1467,73.51,86.7959,66.223,65.9524,73.7332,59.7596,65.6457,69.1354,77.2149,84.7057,86.8618,80.7856,64.4012,82.979,58.4541,90.1944,88.2763,74.6308,84.5863,74.9755,75.6025,59.3247,82.5216,63.7842,78.5104,76.4171,76.9212,90.4945,76.5106,71.9759,81.2313,83.4,80.0093,86.3167,70.8372,77.6121,86.2933,75.886,85.3444,65.0217,83.5309,80.7554,91.9637,65.5553,76.6837,82.9787,79.9572,88.6396,73.3785,77.3926,84.3477,69.8696,83.0546,90.9881,90.6432,81.9586,77.56,84.6808,86.9598,81.4817,82.7751,83.95,98.39,85.9171
0,0,88.1456,2.70335,17.0278,62.1937,61.2899,55.3662,91.9986,50.9252,99.9524,48.3701,76.0092,93.5838,71.2761,61.6155,69.3241,103.116,98.9653,81.1534,66.8192,104.573,65.4247,84.4836,64.9783,92.2253,60.5913,100.749,115.771,89.4576,90.1276,85.3627,82.2083,96.634,70.056,85.846,91.7665,108.275,93.5434,78.6731,121.607,81.4079,59.7899,86.1482,89.2894,94.2066,112.528,100.553,108.596,125.689,81.6734,95.5416,92.9732,108.634,70.1527,114.906,96.693,95.1221,106.485,96.013,111.294,141.65,114.883,112.962,83.0597,94.193,124.137,114.518,104.814,122.477,108.772,116.234,82.2104,123.97,115.423,94.1448,86.3154,94.3605,100.386,95.8835,118.629
0,0,105.956,0.58221,0.0976737,101.908,102.006,102.365,102.245,102.207,102.544,102.52,102.645,102.631,102.986,102.87,102.936,103.182,103.35,103.618,103.588,103.813,103.909,103.991,104.125,104.347,104.383,104.439,104.547,104.775,104.902,104.92,104.983,105.27,105.294,105.486,105.503,105.567,105.758,105.947,105.923,106.273,106.173,106.16,106.396,106.558,106.372,106.965,106.77,106.843,107.085,107.112,107.47,107.359,107.548,107.706,107.988,107.838,107.92,107.944,108.257,108.279,108.606,108.509,108.636,108.751,109.082,108.989,109.101,109.249,109.362,109.621,109.619,109.742,109.992,109.988,110.203,110.458,110.502,110.321,110.599
0,0,129.6,5.18463,13.6544,86.2452,65.4195,92.6752,106.053,114.131,112.481,120.955,121.559,93.8716,109.964,124.298,102.977,100.573,105.635,75.0709,128.628,121.178,93.2005,116.217,113.579,108.484,113.868,116.153,119.091,119.888,125.628,133.578,121.104,118.414,119.991,117.097,124.166,133.361,118.767,116.693,119.417,135.145,134.395,135.813,116.995,159.048,153.734,133.219,153.835,154.572,153.019,142.967,150.511,151.642,130.589,161.158,139.707,159.627,143.707,155.044,144.34,141.135,150.133,128.602,159.202,128.189,169.966,172.053,154.091,150.255,161.12,146.934,169.203,161.118,138.162,161.339,161.301,161.488,188.817,193.004,167.987
0,0,148.035,1.48602,18.142,133.3,123.474,125.669,119.306,136.037,115.956,151.02,122.152,127.87,154.358,154.047,152.141,140.301,141.207,115.118,145.639,140.817,130.706,125.367,136.346,172.479,129.573,142.538,133.763,155.765,122.961,145.399,138.379,154.333,127.234,180.646,169.005,135.233,141.548,139.851,154.015,122.973,136.774,166.998,188.061,138.855,136.187,167.938,183.456,193.293,133.246,141.862,147.25,192.61,159.901,122.707,152.313,160.716,152.746,133.746,168.286,145.21,169.667,176.869,150.925,124.962,160.341,178.523,155.561,118.725,184.657,180.697,122.165,161.728,144.294,148.941,142.806,135.218,143.695,154.77,138.556
0,0,123.399,0.244501,67.6268,215.06,109.75,105.611,163.812,183.067,161.993,192.384,83.0651,129.996,69.7709,108.835,137.248,163.703,197.05,39.2364,89.3406,195.892,72.2976,-105.881,187.046,-16.4314,218.753,209.152,185.156,327.669,296.195,65.4954,95.7592,158.895,47.6784,56.2508,94.0565,180.848,2.21029,76.6374,107.21,115.708,137.785,102.644,6.6761,157.058,-8.12687,152.96,88.9307,224.105,100.576,160.202,184.113,234.327,183.579,-29.0331,153.804,131.695,19.635,57.5161,109.457,35.9269,199.054,193.839,39.9239,157.794,242.52,123.828,164.044,141.597,152.252,113.216,102.116,122.381,86.023,161.546,159.239,153.341,14.0533,57.789,167.777
0,0,131.397,0.163631,10.3692,130.998,138.076,131.487,130.662,144.952,130.621,142.162,139.261,126.669,136.728,108.029,149.557,136.114,129.945,122.514,136.17,129.283,113.21,144.567,140.949,131.704,126.169,147.675,112.97,129.1,149.012,140.545,123.168,121.131,134.047,133.701,132.079,127.733,129.662,139.703,136.872,115.885,142.722,142.242,131.498,122.74,119.847,140.044,129.822,131.065,126.899,130.117,120.344,128.022,125.675,147.155,144.336,135.19,136.664,138.651,112.011,139.286,137.758,136.982,129.124,128.76,126.85,146.022,126.489,131.111,138.476,131.462,126.808,144.662,145.581,122.641,131.163,133.066,127.54,128.389,144.291
0,0,100.546,0.459156,19.1931,85.3596,91.8059,85.0598,129.77,114.451,98.1498,89.6653,112.111,92.5454,81.2008,101.829,116.188,101.424,75.9897,109.069,90.1504,108.865,94.8316,87.5771,75.4613,105.258,130.37,87.9086,105.436,74.6921,102.855,93.584,148.292,105.261,120.677,131.735,88.7321,123.25,78.6918,96.319,103.706,121.922,132.816,94.9523,124.865,93.0828,118.118,103.232,99.3002,91.9111,98.1578,104.6,94.1577,73.2039,111.963,131.887,106.441,65.4828,114.031,101.413,94.1609,107.305,103.353,111.438,99.599,125.856,92.3077,77.8199,90.7511,95.453,99.5983,123.113,93.1987,108.312,99.4091,108.724,122.516,109.1,107.876,117.581,75.135
0,0,137.705,0.912842,2.7256,134.425,131.596,131.92,136.98,128.285,125.331,132.954,129.508,136.866,132.998,137.301,132.211,136.074,133.341,136.72,137.182,132.249,136.088,139.835,132.634,134.317,136.959,134.879,138.146,136.728,138.57,137.156,136.74,138.072,133.948,135.212,137.139,136.996,143.975,135.797,137.498,142.114,138.942,138.114,136.201,139.83,137.381,134.766,137.499,138.919,140.137,138.897,142.963,140.429,137.535,142.812,136.484,145,140.186,142.339,136.814,140.841,146.255,140.788,138.669,134.28,141.952,143.891,144.856,138.321,139.766,139.471,144.907,141.228,148.979,141.141,145.589,141.13,148.274,148.09,148.148
0,0,102.13,1.19164,22.839,83.281,84.7898,112.677,114.972,100.121,92.9337,91.1949,102.42,107.266,96.8834,98.0214,69.0493,127.941,115.952,55.4801,93.731,86.3229,59.7407,96.253,103.626,93.7626,87.9984,111.433,125.193,91.507,104.274,105.174,148.408,63.664,98.0717,78.9143,104.271,117.464,87.634,78.475,70.3924,145.401,118.078,112.745,103.598,112.142,129.918,110.104,148.238,97.829,104.983,75.5979,130.835,127.49,104.78,129.156,105.21,127.889,115.143,80.2346,110.052,102.096,118.08,122.883,132.131,134.742,123.399,78.0508,121.171,102.09,101.752,99.5818,126.979,91.7144,123.347,148.333,119.245,65.0027,106.446,63.0132,125.88
0,0,61.3553,2.11348,0.393564,45.9549,46.7407,47.3225,48.22,48.4476,48.1474,49.3902,48.7435,50.6527,50.4009,50.3733,51.4983,51.561,52.0508,52.5902,52.2585,53.2444,54.3164,54.1137,54.249,54.4677,55.8293,55.8813,56.692,56.297,57.3356,57.595,57.8633,58.6383,58.6094,59.2331,59.8596,60.4921,59.5548,61.0494,61.1871,61.8605,61.8786,62.5496,62.695,63.5965,63.31,64.2087,64.9706,64.8017,64.9313,66.2616,66.2772,67.3402,66.7236,66.9799,67.6745,68.3531,69.0698,68.6198,69.0369,69.5698,70.4795,71.4107,71.4397,71.732,72.368,72.5656,73.1471,73.0166,73.8495,74.6376,74.4252,75.9267,76.7071,75.7789,75.9727,76.5775,76.7914,77.5021,78.5563
0,0,108.266,6.16935,16.2116,59.5443,34.8875,81.9228,81.834,91.8625,69.8919,63.1065,95.9685,80.6193,82.7851,64.4791,84.1281,85.5569,54.8643,84.4466,104.505,43.3693,118.506,89.6027,91.617,114.369,65.7601,100.096,89.5209,96.8091,86.1825,92.9824,86.742,99.5165,102.865,93.0239,119.892,89.1128,105.917,135.706,69.3809,122.99,95.3018,84.1417,129.971,57.0555,120.508,94.0898,108.51,106.84,108.927,99.1226,129.572,107.895,133.881,132.552,111.727,88.1642,92.5145,114.619,136.317,129.737,141.814,110.422,136.246,120.537,105.327,154.424,138.287,143.413,143.09,159.653,155.59,135.351,149.529,140.983,171.3,162.63,150.25,149.178,159.91
0,0,103.782,3.10577,8.14815,88.2551,79.3475,75.4609,80.3521,80.6551,85.0525,93.5321,78.9736,82.318,93.273,92.539,91.4559,87.2104,78.2756,94.9405,80.1898,104.579,77.1185,84.4445,98.6657,90.8709,81.9839,101.093,89.5864,92.4677,90.546,106.163,99.1294,90.291,99.9911,92.984,109.039,119.76,88.6772,94.4479,101.783,108.768,99.7537,112.291,98.711,104.371,118.128,115.226,102.903,111.263,108.964,112.523,115.275,108.948,118.367,126.099,116.775,107.981,128.914,120.162,130.403,115.685,118.846,101.011,127.814,124.825,120.855,114.378,124.683,129.626,129.136,103.553,122.339,113.27,122.994,120.868,134.715,131.324,135.666,125.362,133.531
0,0,111.45,1.39523,27.4005,91.0526,162.365,86.5691,67.0226,151.21,114.429,95.2853,128.018,118.729,98.144,134.252,83.0024,80.0895,160.781,84.6199,85.4169,97.0333,80.3417,58.8407,78.7086,110.506,80.6216,64.4816,72.7242,111.982,148.958,90.796,125.658,68.943,166.501,86.3449,132.805,103.914,94.6447,63.5958,108.73,51.5451,130.384,94.4721,102.64,73.9759,97.0413,121.269,132.932,119.425,133.559,106.994,100.184,129.385,84.6198,152.436,95.3226,155.738,120.455,129.968,80.6841,75.991,100.212,81.5894,158.954,89.5692,123.252,104.482,102.727,110.213,161.82,101.061,151.581,102.961,156.418,155.513,142.123,161.92,136.802,108.885,141.746
0,0,123.979,1.26323,10.1655,122.113,108.823,115.9,104.785,124.796,109.547,107.352,117.55,109.148,115.703,122.108,99.7901,119.307,113.437,118.575,122.473,125.687,110.813,111.625,104.734,109.158,122.141,119.109,121.426,124.979,103.108,120.134,98.0647,108.592,108.189,131.007,120.822,129.903,124.225,139.479,109.113,131.213,117.139,112.894,120.334,104.007,135.473,126.273,137.831,131.921,112.94,114.022,118.13,117.496,135.115,143.594,126.951,148.28,124.077,126.099,140.615,127.632,126.777,118.283,126.145,132.514,127.169,121.407,115.122,111.481,128.33,116.993,125.765,143.364,117.702,161.639,118.151,126.664,140.861,148.893,137.387
0,0,76.2685,1.42438,41.5303,79.931,51.5249,53.488,88.5235,-5.82142,41.6799,136.538,137.735,31.7539,122.243,79.8725,70.2368,65.9582,66.035,74.6917,121.928,82.7033,91.1462,53.2123,121.087,-0.261303,4.84907,64.515,49.7255,96.8972,15.5018,97.0547,26.2987,137.22,5.69908,26.7533,81.421,109.108,13.8605,71.2911,42.888,89.4638,96.0017,9.82667,143.06,85.9786,68.4706,120.426,80.0364,99.3498,76.3863,19.0101,77.337,100.817,32.6609,130.097,41.3453,114.608,26.5939,98.5203,64.5824,55.8293,73.6443,88.4543,70.3299,86.951,-4.07064,47.0866,104.325,101.531,67.7466,108.397,48.9848,100.484,156.191,125.369,38.3154,176.108,23.0911,92.3188,135.148
0,0,84.7305,1.05735,15.6005,61.5474,67.3246,70.706,87.441,76.2806,85.1954,72.8455,84.9229,76.6491,92.9119,83.0201,90.0889,77.9852,90.3867,86.631,72.2253,77.307,74.7727,69.029,89.1707,94.499,73.8594,65.3816,105.323,97.4118,94.3352,70.9645,65.4622,78.0481,90.1785,64.5097,89.1674,93.1136,67.108,67.2227,52.2984,64.212,76.5863,76.2593,67.9525,101.311,99.6973,81.3738,106.079,75.7532,115.315,85.7725,80.8003,105.325,110.657,73.1758,91.115,71.6559,102.34,104.339,75.5046,112.32,108.78,99.1657,83.2309,75.2521,78.5263,84.9345,58.5994,103.064,64.4244,108.167,110.374,70.716,86.0975,62.6011,104.425,98.6104,103.634,93.1001,85.6038
0,0,95.6264,0.487697,49.948,100.545,75.5904,164.378,47.4693,43.5576,70.5999,126.227,87.6965,151.204,124.007,94.1437,16.5153,100.023,6.58288,135.986,113.189,111.691,176.024,23.9973,91.7422,196.286,118.007,100.403,57.0176,106.269,146.984,68.2724,173.681,68.1929,131.623,16.1541,163.2,67.9324,104.729,119.984,82.5608,107.256,-19.4922,70.2475,109.212,123.044,124.179,-6.56605,70.7148,102.418,91.4396,53.4205,74.6243,44.9774,106.808,99.205,217.432,171.653,133.195,86.1212,221.216,88.4085,92.8205,95.6163,110.554,58.8452,34.9325,79.1973,60.1359,46.7456,71.1945,98.2618,33.1739,3.1489,153.057,129.67,108.036,90.3684,-13.1491,37.5607,115.852
0,0,118.893,2.17247,47.9639,141.215,6.55049,130.087,46.246,43.4386,177.451,86.1461,24.1835,53.7947,48.863,217.452,119.204,51.6631,124.684,94.7641,136.756,106.666,105.777,145.043,125.882,203.459,128.701,111.574,139.219,137.998,21.9385,74.3457,17.571,134.894,109.672,110.268,159.107,135.452,104.516,106.442,118.947,123.215,87.2013,230.076,81.124,181.168,130.333,118.559,131.34,74.9622,185.124,170.659,155.843,164.256,142.876,31.2172,146.754,138.857,60.2143,104.922,72.2515,120.701,52.9827,164.274,159.55,39.8394,144.372,172.3,122.482,51.0172,111.466,213.326,99.1931,112.021,106.206,144.594,168.63,101.108,148.333,218.778,103.702
0,0,91.391,0.336726,52.7686,26.7263,106.315,-19.2361,65.2542,54.4952,103.085,139.406,98.2958,0.951138,101.686,0.287541,121.2,61.773,57.4282,56.1968,59.3546,59.0123,71.5926,98.5178,49.5632,-23.0066,107.075,31.2984,121.459,96.3202,46.6771,73.0927,36.9931,35.582,181.983,136.246,44.1313,183.828,-13.416,87.51,80.9247,55.7568,153.317,132.927,25.123,135.053,46.0807,42.8038,154.588,54.5695,207.546,52.189,139.086,93.1359,16.8891,137.614,151.396,58.5362,143.328,41.5723,96.6182,133.095,115.292,122.194,43.1867,111.286,89.5415,108.525,41.4678,38.0363,48.9669,129.698,109.847,69.9917,124.344,63.3404,205.601,16.3838,135.048,88.5815,93.3475
0,0,123.328,2.3024,2.8896,106.532,103.358,108.768,105.571,113.115,104.662,114.253,105.747,109.639,109.904,109.886,110.084,114.076,115.882,117.23,117.012,122.769,115.857,117.238,118.357,115.846,115.493,116.405,121.168,111.826,116.091,122.166,120.098,120.551,115.142,122.746,118.553,126.935,125.309,125.79,123.095,125.77,125.654,125.965,128.714,125.34,130.289,120.809,120.729,124.275,129.815,121.841,126.528,130.777,130.019,131.835,128.828,136.114,128.446,138.26,136.514,133.283,128.899,133.177,129.447,136.506,138.363,132.422,135.26,136.938,135.625,135.425,137.439,144.076,137.833,135.509,140.945,138.454,144.822,143.384,146.766
0,0,149.851,0.535442,38.3678,146.847,222.53,170.629,156.062,158.585,209.437,153.257,108.524,137.987,132.494,160.511,105.983,191.527,127.253,201.17,54.151,122.809,185.808,153.209,157.951,108.842,185.004,150.326,202.786,98.3634,156.615,98.3825,175.592,199.649,151.156,144.416,148.153,206.105,80.6479,116.698,134.365,146.742,190.016,163.49,213.866,102.285,128.941,133.397,161.773,171.455,171.277,167.528,122.459,210.476,95.4011,201.238,215.801,171.985,132.875,188.021,145.827,167.509,171.284,87.6776,111.376,154.674,89.1672,200.438,119.976,158.357,104.423,217.115,184.817,123.1,182.418,193.303,127.403,169.639,275.287,80.788,161.312
0,0,141.149,2.33969,5.54815,130.69,134.479,122.073,127.719,131.288,131.947,122.645,127.046,137.917,133.333,136.453,132.423,140.074,129.233,135.478,128.897,140,131.978,143.64,134.557,132.55,135.426,136.593,132.141,130.624,148.33,140.562,134.93,140.835,140.053,142.339,138.335,154.386,140.795,135.273,146.062,135.349,149.872,145.999,129.051,142.177,147.603,143.704,145.448,145.338,146.849,146.344,142.627,149.206,147.34,135.823,147.96,156.551,144.434,143.723,153.66,157.116,157.904,144.02,159.564,148.621,149.953,146.517,161.469,152.372,156.285,159.711,161.941,155.153,165.629,159.271,156.68,153.848,146.284,162.08,157.259
0,0,103.981,0.104616,14.3678,103.091,117.183,132.16,126.026,129.476,74.7643,94.6836,96.1323,99.6318,87.9094,112.277,101.366,92.9465,107.429,66.4086,92.3705,127.567,88.1678,112.918,78.4461,109.768,110.75,134.912,116.513,112.737,91.6545,108.565,110.164,119.352,78.8407,95.5451,122.249,120.631,94.6975,87.5637,102.171,98.869,105.404,85.9064,83.5284,109.023,71.0898,94.832,112.532,104.982,101.083,92.3673,111.044,129.988,86.6846,112.183,80.3532,107.8,125.89,93.3035,78.4419,101.118,89.3234,122.84,114.8,116.173,109.915,115.404,120.886,107.866,96.3863,101.378,95.7494,91.4151,94.0874,133.543,129.212,87.4116,86.8917,104.679,115.122
0,0,65.6919,0.914147,18.498,58.2383,72.0181,37.9156,62.1086,78.8802,61.2098,84.3005,44.4322,83.7872,85.9058,81.0146,34.1723,68.5081,25.9061,53.838,83.9135,74.6779,73.9735,76.3508,85.9194,49.162,64.7581,50.2534,79.7185,79.2413,62.8881,80.924,100.888,63.8815,47.1877,97.1027,76.4058,69.0358,55.8979,52.5701,53.5994,79.5295,46.138,60.4406,59.4779,72.8409,54.8229,65.885,77.1045,53.6947,51.2992,70.3723,49.6059,95.0815,89.3398,85.162,59.5992,45.3658,65.5126,79.9695,69.5215,65.2611,90.5862,55.9027,61.3737,90.4518,65.6907,99.6256,85.3583,66.8604,48.1869,73.3684,58.724,50.514,102.255,54.2781,42.0961,89.5403,64.3813,74.5442,96.3694
0,0,105.145,0.643785,1.65194,100.869,101.817,99.3816,102.656,102.571,101.291,101.234,101.18,100.103,102.041,103.674,100.286,104.493,104.166,101.451,104.799,102.43,104.576,101.75,102.544,105.121,100.918,104.627,103.835,102.441,105.088,106.079,104.757,106.157,105.251,103.223,103.541,103.961,105.226,104.845,105.79,105.828,105.95,103.999,106.821,105.582,107.502,108.7,105.097,106.219,106.559,105.971,102.185,104.788,109.098,109.32,109.035,106.566,109.525,104.678,105.208,107.813,108.744,109.091,110.055,105.675,109.137,110.091,107.439,107.97,113.167,107.997,108.296,109.266,111.753,109.033,111.908,110.569,109.526,109.553,110.578
0,0,80.3675,1.59544,21.6065,54.4681,69.829,79.8031,106.793,55.0189,24.2769,71.6814,70.6806,70.9665,89.2282,56.0921,54.0557,43.6756,53.21,85.8891,41.6516,47.2649,76.0407,80.8799,71.7651,121.042,105.531,98.8962,39.0943,97.4738,57.2388,88.0981,46.2659,96.6309,107.861,82.9399,73.6282,44.9192,80.3175,61.7315,45.5506,30.8067,50.9546,60.2184,99.4842,83.1214,125.78,71.1615,92.0102,103.083,71.6399,99.0061,64.6509,72.105,96.0034,58.1249,56.1845,62.2751,37.1304,91.3991,69.0914,119.202,82.0071,37.622,78.9361,109.021,97.6532,102.858,75.8287,72.9767,66.6103,59.8617,78.858,98.3027,100.591,40.9779,75.3963,76.2233,102.345,70.5223,74.8956
0,0,99.3366,0.373221,0.0223841,96.7259,96.7903,96.874,96.9696,97.0509,97.1024,97.1684,97.2277,97.2903,97.3955,97.4595,97.5391,97.5846,97.6788,97.7989,97.8323,97.8992,98.0052,98.1113,98.1574,98.2303,98.2806,98.3753,98.4526,98.5198,98.5127,98.6748,98.723,98.813,98.9304,98.9089,99.0435,99.1321,99.2079,99.2571,99.3366,99.415,99.454,99.5033,99.6431,99.7082,99.7974,99.8651,99.9152,100.025,100.03,100.175,100.184,100.268,100.373,100.405,100.548,100.609,100.701,100.77,100.839,100.884,100.956,101.041,101.083,101.153,101.267,101.382,101.41,101.531,101.562,101.645,101.747,101.809,101.863,101.944,102.001,102.077,102.172,102.283,102.273
0,0,117.778,0.306754,11.2272,114.788,122.262,116.539,124.104,97.6632,109.207,107.459,110.584,110.567,100.364,125.648,110.832,132.973,99.3547,112.231,118.73,103.233,107.154,114.755,102.908,117.621,130.18,115.399,132.536,112.254,113.682,123.906,114.501,109.879,118.241,90.2456,133.923,123.805,109.655,136.474,100.308,114.654,121.225,131.604,112.775,116.089,134.285,95.3432,109.127,92.6927,133.908,120.521,104,126.135,117.331,134.665,122.811,121.475,106.19,137.435,123.282,131.384,131.644,121.802,124.537,123.505,138.95,124.628,113.324,108.894,103.485,103.33,127.917,105.262,128.406,123.951,128.447,111.366,122.481,102.27,127.25
0,0,70.3767,0.60043,5.25165,60.3604,72.9228,64.7269,77.4503,64.6814,70.3247,58.9075,68.0923,70.7602,71.3178,73.715,59.4736,72.1409,64.1044,76.1303,67.1346,62.19,66.1247,62.5778,75.6914,67.9278,63.0507,68.388,68.0935,57.0054,65.0697,65.8501,67.4493,69.986,61.4395,59.6548,80.4704,76.381,72.5704,70.616,67.0419,62.9315,71.1734,78.6764,70.3213,75.8978,69.9675,70.321,68.637,68.6704,61.0427,82.3445,71.8571,68.4349,73.0784,70.8364,74.1052,72.4027,86.4541,66.8975,66.0208,74.225,80.2122,71.4861,71.4598,65.484,71.9934,71.1478,72.0991,82.6588,75.6958,75.841,76.5852,70.9927,74.9287,74.5621,82.0663,74.5355,71.3437,77.2359,75.896
0,0,93.5379,1.01102,7.2279,86.6767,86.6461,101.856,83.0963,91.9337,88.8004,86.6632,87.5688,77.3681,87.3612,81.4859,96.9613,82.6465,78.263,90.136,75.3408,88.7825,88.7738,75.0309,90.4665,90.7676,91.5224,80.5973,99.6714,92.5162,93.9191,85.1482,103.869,90.3145,97.0658,100.011,79.9119,92.5953,94.5781,90.6526,96.158,95.8977,87.7366,90.266,90.0052,90.6984,91.1091,110.919,93.6352,90.3361,88.8936,102.305,98.9553,83.2807,95.8797,105.56,86.2033,96.8036,103.724,85.9164,113.048,97.0475,92.056,94.6989,82.7529,94.8693,93.4411,101.102,103.986,94.8113,106.013,101.745,84.0179,102.619,91.881,93.6427,108.639,95.472,109.929,107.389,96.6818
0,0,132.384,2.3438,16.0823,104.791,91.8276,105.934,112.86,103.823,108.161,111.663,123.266,132.45,96.6597,119.163,129.398,113.902,102.641,113.284,119.716,124.958,108.453,94.6026,111.956,146.811,134.716,134.257,124.551,121.767,115.181,102.704,127.166,138.937,108.074,135.925,127.34,122.828,140.956,129.318,106.101,156.84,149.728,124.502,132.535,140.037,146.756,129.823,131.718,109.524,130.024,141.21,119.949,135.709,162.719,159.179,136.781,132.083,177.97,118.622,165.548,130.355,134.901,144.212,165.636,145.702,155.252,144.676,142.034,180.111,158.123,144.884,159.224,157.513,162.432,145.537,125.009,155.031,141.037,144.65,127.271
0,0,116.916,0.0924314,2.22401,114.737,115.918,114.313,117.419,113.125,116.107,119.81,115.89,117.738,117.65,115.717,118.813,115.184,114.471,117.91,120.131,118.138,114.863,118.125,119.958,115.517,116.969,115.558,115.272,115.807,117.672,112.935,120.244,115.839,118.001,114.698,115.667,116.092,116.265,117.535,118.034,114.253,115.934,114.319,116.09,120.893,117.221,115.248,113.444,113.59,121.863,115.705,116.171,113.826,119.826,120.242,116.612,112.621,115.677,116.867,118.366,117.002,117.855,118.786,120.036,113.332,115.475,117.143,118.243,118.817,118.041,115.398,116.053,115.774,117.599,117.792,117.276,118.019,120.155,115.726,118.647
0,0,93.617,0.919328,74.1912,65.9604,17.4218,213.466,124.316,109.511,154.366,-1.20169,172.979,82.6447,53.8372,171.494,30.8884,200.549,151.021,-1.19136,-20.8845,51.2375,23.2781,55.1764,166.232,130.922,34.6124,62.5538,96.4253,16.0949,181.049,79.3312,148.461,104.024,23.0172,262.772,57.4997,155.411,144.601,136.884,25.9227,79.1498,146.493,293.374,122.84,76.8481,51.4137,70.9952,84.9858,98.4885,-4.92116,84.6925,61.9056,144.47,33.2761,148.489,202.207,216.906,97.4683,135.58,64.4115,27.7404,95.2295,201.907,20.337,136.224,67.9445,38.3487,91.1449,88.3337,107.125,185.616,129.532,99.4514,0.823823,-15.8732,56.2063,70.2493,63.0145,166.122,24.5118
0,0,140.138,0.853744,43.203,71.7092,159.52,78.2282,40.4236,42.3695,173.538,146.509,154.614,99.2295,138.097,87.5044,110.848,214.336,75.5771,80.295,109.818,150.743,113.577,200.994,140.763,135.643,186.145,150.701,105.11,179.317,98.5372,135.772,116.448,81.338,96.3233,178.1,164.794,126.375,79.2155,228.03,198.626,200.773,148.616,175.104,119.299,178.071,212.024,159.288,147.324,150.409,166.925,154.709,185.506,167.252,138.149,201.213,170.334,107.387,145.301,102.113,126.411,118.891,219.785,76.623,159.818,105.301,158.969,127.731,185.435,212.907,151.815,141.251,174.14,158.07,203.285,222.552,154.514,169.514,162.58,128.77,86.9324
0,0,96.5169,0.243125,1.28809,95.5062,96.1933,95.4239,96.8933,92.1874,94.7372,95.766,94.4024,93.2988,95.3437,94.8058,93.5947,93.2337,96.0808,93.9397,95.2439,96.8896,93.5463,93.5924,95.5578,94.9992,96.0464,96.131,94.0621,96.1331,95.6425,94.4805,95.1752,95.3099,99.0944,94.8994,96.4356,97.1072,97.9399,95.6061,96.5776,96.4486,95.4484,97.8692,96.9347,97.9782,96.7758,97.347,95.8057,96.0948,96.2143,98.4489,97.9793,96.3727,98.9461,98.1575,96.1805,98.806,96.3486,98.3682,98.8191,97.6888,98.17,97.7143,97.1085,97.9238,99.1817,98.1438,96.7152,97.6681,99.8288,97.7219,97.3746,97.0143,97.6222,99.5204,99.1294,99.0562,96.2021,98.915,97.7582
0,0,117.286,0.531394,9.12333,89.8204,114.515,124.145,120.146,113.437,102.375,100.581,106.528,117.005,111.154,114.583,108.837,115.592,113.845,124.315,109.338,107.218,108.987,106.909,114.324,132.168,118.842,127.251,116.736,114.341,102.234,112.984,130.794,123.848,116.233,128.4,116.029,103.033,128.551,129.477,126.101,95.4752,124.002,106.74,111.63,112.268,117.727,117.598,133.017,129.385,132.071,116.926,127.122,115.675,128.448,115.468,120.094,121.43,109.847,101.157,117.685,114.634,133.37,128.473,118.456,116.164,133.363,120.797,127.408,129.13,122.793,126.697,131.102,104.802,109.747,117.655,135.295,125.844,129.371,130.189,130.885
0,0,86.5647,2.12264,1.47119,72.704,71.6332,70.336,68.8138,74.9441,74.7371,74.1889,75.3459,75.5102,76.3045,73.1909,78.1795,76.8242,77.2668,78.9283,80.0369,79.1822,81.1388,77.7222,79.8648,79.9577,78.5743,81.4778,82.8172,81.8808,80.4246,83.5875,83.4426,85.8431,81.4905,84.1233,82.2643,85.3515,86.0254,83.9661,85.7184,89.4987,88.0371,88.2474,86.7447,85.6962,89.8818,87.9811,88.15,90.2071,92.2272,90.1799,90.2995,91.1202,93.4556,92.7333,91.7876,93.0848,94.0919,95.58,92.2393,99.4437,95.2626,95.8513,98.2131,98.0505,99.7271,101.305,99.9748,97.3734,98.8599,100.043,99.6944,100.639,98.9882,101.758,102.373,101.425,105.565,102.854,101.96
0,0,115.769,1.45477,25.51,152.188,86.7024,72.0977,158.982,150.175,132.122,152.471,96.1838,104.148,129.573,136.353,131.18,108.873,100.289,87.7023,67.356,122.387,86.6771,128.563,83.3703,79.7989,111.046,64.2916,111.024,127.769,146.582,127.367,108.4,116.405,138.065,134.345,98.5095,96.8855,128.724,110.991,146.309,94.1514,144.956,129.522,127.958,120.689,145.588,113.122,90.1302,134.119,120.599,103.91,130.74,121.315,83.9547,83.5433,146.386,77.5501,113.254,128.861,102.579,112.378,109.042,131.451,116.52,72.3176,156.894,107.206,129.379,127.007,121.598,120.508,112.701,121.33,152.615,100.83,149.091,94.8801,76.2338,146.801,103.405
0,0,129.331,0.432392,11.9607,126.372,122.77,125.865,131.977,113.477,117.19,111.381,123.919,133.265,128,131.143,130.794,133.802,139.055,137.018,132.893,136.718,112.669,118.357,143.162,123.137,119.357,120.315,145.605,143.815,151.362,133.13,115.898,126.275,123.704,132.583,137.853,145.749,146.842,118.142,136.815,132.613,118.163,117.264,133.546,107.891,137.904,121.16,141.042,135.762,115.496,122.494,139.4,140.58,142.817,142.914,154.974,132.826,114.239,138.936,129.839,149.773,121.405,161.628,126.835,159.922,135.92,119.679,113.162,127.084,129.482,144.842,129.491,161.044,140.845,124.924,107.343,115.498,167.775,121.116,120.676
0,0,135.698,2.52481,5.39772,110.878,116.416,109.791,125.7,125.174,122.148,124.174,113.999,125.568,118.834,127.542,116.308,120.091,126.834,131.854,121.324,131.565,123.06,128.126,133.495,133.703,126.346,131.758,126.246,128.38,131.914,133.527,125.568,120.556,124.173,125.244,136.492,132.959,141.446,125.287,136.862,127.008,133.114,146.51,137.037,133.421,144.22,145.953,146.49,135.929,142.283,136.977,142.661,139.477,141.573,143.698,145.139,147.513,144.6,135.76,142.822,141.988,144.801,138.14,144.354,144.7,154.297,148.955,144.215,151.929,150.79,154.396,150.845,151.822,147.957,149.577,149.873,155.429,158.695,167.979,159.943
0,0,125.262,5.36987,6.31699,74.346,92.4659,102.204,94.2154,88.4207,85.2521,91.643,98.5689,91.0431,101.123,97.3226,91.9056,110.436,99.9174,99.7515,89.8945,102.509,105.794,96.6686,102.52,99.4466,102.711,110.805,115.549,118.891,111.935,123.625,130.017,127.314,103.995,124.51,125.129,121.337,126.109,117.895,119.986,127.128,127.609,128.481,131.25,125.298,141.348,133.457,134.576,132.647,140.843,129.022,138.263,137.769,140.693,146.278,151.73,149.125,142.725,142.503,147.562,141.974,155.221,145.191,142.603,156.212,150.089,150.118,146.078,165.707,166.949,156.848,162.479,159.838,169.733,159.93,178.247,169.37,165.732,158.418,165.115
0,0,109.162,1.2767,6.53353,98.9951,97.9944,104.843,108.153,95.9241,94.3332,94.8962,102.089,96.8324,100.308,107.457,115.968,105.869,112.358,91.2368,112.998,106.386,106.816,103.753,92.9551,109.984,101.416,99.4862,115.942,106.017,111.175,110.403,107.805,103.977,113.306,104.1,105.952,100.314,100.284,98.2756,109.081,113.204,112.867,120.514,106.61,103.145,106.812,106.749,108.476,104.785,95.0686,124.124,105.056,115.785,101.924,123.467,106.997,114.174,115.733,112.395,99.5216,108.116,116.28,118.909,114.563,111.051,122.164,123.249,124.99,110.503,117.007,121.265,110.565,123.827,118.992,109.379,110.281,123.955,122.122,116.025,134.482
0,0,138.426,0.77056,32.3304,132.657,93.5132,135.795,167.123,118.067,78.9497,139.203,82.1914,186.853,110.925,148.684,145.065,66.4598,171.675,118.125,115.213,175.248,168.795,142.076,199.472,144.543,141.68,86.7907,137.548,77.1953,158.418,129.665,87.7031,118.445,56.9463,159.463,86.6953,119.131,167.123,122.966,186.863,167.788,112.537,147.676,95.453,81.8135,202.723,113.84,149.763,154.316,126.323,134.139,107.423,157.784,140.962,163.657,149.89,167.789,169.836,138.332,199.043,135.84,130.608,84.5551,144.443,156.33,155.36,109.264,173.143,86.8403,140.081,172.418,115.654,194.879,165.504,165.863,139.384,151.033,147.773,134.131,164.407
0,0,126.256,0.612301,38.6013,65.6099,206.146,105.29,116.793,145.449,94.4721,128.83,10.6373,99.8887,72.365,95.1153,117.507,103.652,72.647,120.467,136.283,78.6374,108.338,158.795,66.0429,187.943,114.651,102.446,181.105,82.4812,93.7674,169.751,94.0916,110.759,101.78,154.649,119.774,62.1019,131.444,162.97,131.805,141.318,128.405,103.436,83.6676,25.1532,75.1297,129.708,173.653,173.233,38.4185,121.534,87.3278,117.845,112.618,187.386,102.2,115.101,114.403,115.651,89.4495,83.4027,122.247,101.779,107.704,115.968,121.122,124.723,155.722,118.393,155.55,132.902,113.2,105.906,118.318,106.675,96.7652,81.6806,106.867,176.03,159.889
0,0,94.3285,2.70533,4.0659,66.4992,77.8592,77.8811,74.5825,75.2541,74.8587,79.3897,81.435,77.2193,78.7773,83.7788,80.6576,83.843,85.9976,77.7508,84.827,80.8391,87.6678,82.1607,87.9393,86.4957,88.1774,84.3043,86.9699,87.3658,90.1718,91.0197,87.8288,92.4088,90.2674,87.5276,89.5619,95.8125,92.5452,90.3217,96.2505,96.009,96.7746,99.6744,96.8928,97.7639,98.0044,103.005,92.6852,102.605,103.416,101.136,94.8969,96.5094,104.977,104.66,100.503,95.9333,104.969,102.96,106.93,106.402,107.412,109.887,104.878,108.595,103.674,116.322,113.258,108.531,116.917,108.218,104.836,105.206,117.356,106.137,108.598,105.488,112.934,121.542,115.753
0,0,128.283,2.74295,4.71837,107.406,106.352,111.522,114.298,115.87,108.01,107.902,114.701,112.419,109.612,110.219,114.883,112.257,105.539,118.322,118.263,105.935,120.746,118.13,125.201,117.365,115.128,117.357,124.661,125.748,127.42,123.98,124.133,127.948,126.063,122.668,130.451,133.452,130.339,123.674,130.677,124.022,132.715,127.852,128.224,133.922,130.714,139.317,123.108,131.639,138.464,139.482,129.947,135.983,132.923,129.528,142.306,147.788,134.73,137.189,140.858,136.869,139.676,147.462,141.572,141.906,142.351,140.91,143.247,138.526,142.036,151.739,144.955,150.75,149.463,153.411,150.547,139.56,142.676,149.369,153.123
0,0,140.664,0.721052,20.7966,121.818,156.453,98.7854,114.699,165.751,139.223,105.814,159.454,128.639,136.259,124.032,140.313,155.678,128.504,158.684,157.827,123.97,138.946,127.942,116.526,136.378,122.247,149.761,119.515,163.298,149.068,143.811,120.574,100.206,156.742,134.315,154.278,130.649,133.622,166.351,117.205,109.725,144.499,149.541,160.219,155.384,144.71,123.687,145.25,128.636,151.292,165.99,118.407,142.163,168.212,150.389,161.901,145.392,151.034,160.129,163.37,138.538,160.437,140.837,165.362,145.524,118.414,131.12,123.716,115.609,138.986,156.169,119.997,127.992,120.845,185.492,128.694,111.734,160.804,177.601,143.205
0,0,140.091,2.06962,0.692966,124.661,127.441,126.116,126.67,127.336,127.329,127.955,127.913,127.919,128.928,131.057,131.462,130.195,130.689,130.907,132.472,131.625,134.17,133.995,134.13,133.566,134.687,134.188,134.658,136.659,135.252,136.095,136.485,137.704,136.853,138.415,138.277,138.906,139.887,139.574,139.672,140.507,141.843,141.288,141.885,142.434,141.122,144.015,142.875,144.117,143.942,144.59,144.973,144.01,146.175,147.267,147.145,147.592,148.507,147.376,148.738,148.488,149.361,148.908,150.125,150.191,150.449,150.316,151.087,152.211,151.448,152.709,152.357,153.678,154.281,153.858,154.327,155.776,156.249,155.84,157.168
0,0,143.686,0.567786,5.59115,130.689,143.102,140.379,136.821,135.83,135.456,140.625,140.586,135.279,133.896,140.638,137.603,134.242,145.332,144.529,146.976,131.125,130.226,139.63,149.079,134.601,138.03,148.196,144.113,154.92,147.725,151.885,137.977,148.767,145.664,147.875,137.175,137.735,139.781,142.533,147.073,146.848,140.567,149.865,149.753,148.515,145.56,146.531,142.118,143.655,128.766,147.123,139.747,145.018,141.936,150.722,135.449,155.215,142.424,142.931,140.18,155.638,150.194,131.515,138.317,146.42,148.39,144.856,146.646,155.524,150.969,139.164,154.225,142.48,144.734,151.274,157.17,148.948,144.149,148.084,144.275
0,0,126.965,0.666497,34.7625,114.976,84.0201,105.007,123.414,85.4769,118.069,153.417,101.54,93.6602,164.307,153.541,136.887,115.484,102.633,140.813,251.261,71.3953,113.778,102.018,136.739,95.0862,90.9238,173.78,130.956,151.598,136.983,72.9107,135.948,169.125,114.797,191.194,136.595,134.321,126.137,135.439,128.726,104.658,82.5974,145.841,82.1113,138.585,132.666,145.686,136.349,135.428,78.8253,124.409,163.642,197.27,130.964,172.652,124.406,129.646,127.145,85.8632,122.436,150.396,152.583,113.772,148.081,167.341,137.5,118.347,118.061,106.571,164.883,99.0759,89.3296,156.153,162.923,123.921,124.537,165.404,83.0958,120.15,67.4628
0,0,133.265,1.61046,4.82481,123.459,123.183,124.698,119.091,122.041,124.707,124.595,116.237,122.574,113.837,114.458,120.788,129.054,127.212,134.232,126.777,134.004,134.25,127.001,121.497,131.779,125.923,125.653,130.967,125.109,137.27,133.35,132.938,133.861,122.89,128.636,129.408,124.21,136.179,123.761,137.63,130.272,135.072,135.24,139.158,133.206,133.143,139.793,136.63,140.112,128.524,141.463,138.147,133.551,139.798,134.639,138.814,138.392,132.551,131.686,134.446,136.913,149.709,140.29,139.612,143.708,142.71,146.639,147.076,132.452,145.562,143.788,138.513,136.625,142.655,148.298,144.195,153.561,152.703,141.848,138.466
0,0,130.605,2.64868,8.19275,100.197,110.642,119.025,111.466,109.447,113.051,112.839,119.983,107.672,115.591,119.904,122.87,132.435,122.547,103.181,113.518,122.191,119.476,125.394,127.678,123.844,134.996,121.509,128.904,119.919,134.822,115.661,149.927,131.52,125.23,124.684,118.54,118.589,125.958,115.246,131.721,127.679,129.102,136.793,133.667,139.289,138.682,141.766,132.553,137.317,135.997,118.986,142.938,125.639,126.691,126.199,141.32,146.372,148.017,151.379,145.81,142.978,143.036,151.421,156.36,152.96,156.779,133.759,142.358,146.117,155.897,148.359,157.913,140.154,158.79,145.995,157.894,148.493,144.309,159.567,143.049
0,0,127.954,1.82721,36.9146,117.122,131.615,134.203,37.2464,149.003,134.967,151.89,107.754,91.4699,165.576,147.075,130.651,80.4214,103.38,161.014,125.911,164.455,164.764,52.2435,127.808,48.6168,133.894,106.9,140.867,117.833,134.685,156.49,134.429,138.04,120.381,121.253,169.701,138.546,117.261,113.706,152.532,115.86,90.8515,137.486,85.0302,99.8977,165.909,84.0466,122.844,86.3648,146.891,83.5301,135.482,127.073,185.304,101.711,144.126,143.143,145.146,84.3256,21.0889,122.347,149.423,155.861,169.119,90.228,171.395,190.057,267.086,124.683,198.389,191.105,121.937,181.383,118.968,131.145,175.723,146.48,152.887,217.935,81.9882
0,0,84.2512,0.759088,50.0183,108.053,53.297,110.877,108.675,61.5007,143.708,120.597,-0.0426583,117.255,48.3576,-22.202,178.288,37.351,128.826,151.819,68.5491,34.2285,16.2044,31.2813,105.132,85.0911,76.9872,-26.436,130.003,99.8403,130.6,49.4222,120.849,102.926,33.6491,66.0973,46.6759,33.1821,75.5698,115.448,142.885,118.509,75.2723,128.167,113.466,53.4837,30.0776,79.7485,74.2796,25.9369,126.447,55.44,22.3678,79.5782,122.363,153.251,-6.6288,74.0684,127.158,125.214,133.301,57.5234,48.2145,83.6218,71.9464,145.237,150.79,126.556,117.198,108.176,185.173,65.8104,23.1535,161.936,186.717,49.8656,35.1074,132.022,47.719,105.137,52.2238
0,0,128.529,0.326575,44.7452,133.086,167.298,93.0269,143.406,141.959,114.572,183.103,158.017,174.786,135.771,120.339,114.922,107.533,152.655,75.4066,135.941,244.973,110.637,130.071,122.174,109.443,98.7109,206.652,133.376,84.2839,119.55,192.699,89.5904,118.898,77.8243,203.164,108.332,91.7439,169.271,107.245,134.797,138.763,164.122,151.552,116.034,53.1016,153.067,227.114,77.9735,92.9551,103.192,90.5789,119.185,141.504,227.739,125.544,196.774,112.244,123.841,100.57,152.319,197.628,194.396,97.1223,117.6,81.8252,82.6834,175.205,201.401,168.264,87.2218,90.6079,157.659,37.1779,159.735,109.732,167.921,63.7394,134.115,155.789,98.8259
0,0,99.5064,1.18148,41.7804,44.6608,138.797,64.2565,68.9848,79.9297,163.781,66.6273,121.712,87.3721,103.182,78.6939,116.767,53.1274,102.959,77.2621,113.004,110.271,80.2408,54.9322,44.2021,58.4422,132.561,79.8828,63.3259,34.4774,53.3404,154.331,75.3427,105.816,132.221,105.104,99.2199,147.034,94.3802,117.949,131.364,121.512,103.989,139.164,101.838,55.5854,53.6366,100.266,152.593,158.203,83.3209,115.313,107.454,48.7674,71.6132,79.9963,162.441,84.0344,82.3458,94.2882,137.588,89.7606,149.072,59.7488,76.8153,121.493,135.006,120.144,106.027,137.495,75.9363,155.035,139,119.201,161.276,144.002,134.524,168.422,116.953,153.053,80.7257
0,0,89.6253,1.15472,49.7754,193.173,115.482,103.677,95.4878,131.612,45.2262,65.8347,31.7283,107.098,32.6839,79.5301,17.8978,96.4837,135.226,95.4669,137.192,-50.0131,111.373,92.1069,0.960548,-9.38792,216.843,117.393,71.2852,36.1066,63.1415,28.3809,66.9124,119.725,116.19,56.3553,165.401,164.907,138.875,155.463,82.5029,116.215,81.7257,50.6598,170.152,118.216,21.2222,-7.62248,137.92,8.13305,93.875,7.91628,158.816,54.2249,85.8523,162.436,75.401,32.6392,54.5661,78.0698,64.1879,125.012,52.1,91.7088,-19.4735,105.384,78.3653,156.581,28.5868,85.1583,1.37679,86.091,94.8855,150.282,40.1018,218.11,30.2828,190.025,106.422,131.798,81.6734
0,0,110.173,1.87124,8.46553,105.982,105.335,100.349,92.6126,98.7559,90.0042,97.4849,106.766,98.228,95.3355,100.509,103.631,89.1851,81.8109,101.185,106.452,90.0139,85.6207,98.3244,117.71,77.5053,115.819,117.176,96.0842,90.6632,112.716,103.645,113.59,107.063,109.278,103.569,112.937,105.389,95.0174,88.9789,98.3851,101.951,120.765,126.312,117.202,111.695,111.453,112.487,121.464,108.169,102.42,92.8656,116.088,114.118,124.093,105.215,121.175,107.29,116.221,117.163,116.12,109.424,118.561,117.685,109.796,119.237,106.24,124.117,121.012,108.536,120.764,118.264,106.426,108.32,131.873,125.788,125.868,125.572,130.299,114.136,112.318
0,0,115.148,1.01868,22.8572,84.9646,108.231,111.761,110.761,94.5309,83.6806,150.974,136.939,148.683,101.716,55.8763,100.742,77.4767,104.698,118.432,66.9819,85.8518,83.7275,117.696,67.9209,115.372,141.594,130.96,116.786,125.733,145.569,77.0626,167.274,126.609,100.064,137.078,115.508,165.207,139.089,144.058,85.237,87.271,115.353,146.699,123.002,96.7198,122.831,134.12,109.704,81.0379,116.607,94.6447,74.8102,115.631,157.747,102.035,120.059,109.657,180.388,125.559,103.837,90.583,94.2037,110.028,128.147,137.206,109.278,174.122,106.282,104.638,137.507,138.224,123.608,121.966,101.415,180.483,117.22,112.862,125.577,132.908,97.1174
0,0,106.823,5.25647,34.3957,113.183,40.6135,76.3611,37.782,48.6224,57.3544,60.4919,-19.2506,51.7904,104.767,59.5318,21.3362,53.8226,148.981,6.75614,41.2424,72.7327,118.903,60.1268,96.4317,75.5201,123.22,88.4951,107.601,114.609,121.67,93.9455,72.024,90.1312,93.7244,60.2383,108.132,124.798,140.952,85.777,152.928,36.7333,88.3982,94.7045,92.5567,155.872,112.199,162.379,175.128,153.666,108.329,140.273,133.568,120.56,109.451,43.0039,141.469,89.8287,156.728,167.117,125.768,80.9795,144.454,104.776,104.41,101.619,95.9637,167.36,158.447,123.394,128.476,131.515,128.121,124.894,146.263,149.399,125.177,126.281,179.486,174.58,182.6
0,0,108.812,1.13492,0.228548,100.599,101.16,101.442,101.405,102.016,102.274,101.873,102.558,102.749,103.022,102.885,103.594,104.094,103.829,103.42,103.895,104.859,104.548,104.821,104.847,105.171,105.521,105.55,106.259,105.852,106.503,106.838,106.871,107.202,107.33,107.668,107.624,108.325,108.338,108.164,108.771,109.021,109.035,109.559,109.617,109.887,110.438,109.935,110.711,110.894,110.715,111.37,111.587,112.269,112.31,112.09,112.159,112.407,112.833,112.85,113.314,113.421,113.554,113.858,114.015,114.401,114.514,114.57,115.392,115.453,115.307,115.974,116.222,116.4,116.397,116.593,116.841,117.053,117.437,117.62,117.932
0,0,83.7891,1.53861,31.9653,86.7824,26.4775,100.183,84.6883,98.018,94.9869,113.616,52.4267,91.7882,45.9247,109.324,88.8542,122.37,20.7086,44.2065,73.813,67.2337,78.9111,101.436,39.1657,56.7845,26.0464,129.483,81.3865,75.109,77.4108,118.805,67.6548,120.582,107.144,71.3188,53.7214,62.3899,40.2065,109.036,68.445,77.5638,103.517,53.7186,79.1047,86.752,49.1128,120.557,132.838,133.878,48.8343,95.7908,142.115,108.216,30.2175,116.189,138.357,70.474,108.217,91.5216,69.717,36.534,128.38,63.6799,146.459,136.489,110.003,150.092,28.84,79.8582,114.234,105.533,66.2755,131.793,64.1042,38.6018,163.513,131.602,101.881,73.8914,112.353
0,0,60.0731,30.7716,4.06442,-155.028,-147.893,-139.419,-136.211,-136.188,-118.832,-121.847,-114.071,-104.824,-90.0982,-94.2845,-84.5702,-79.8806,-67.6276,-66.587,-64.9573,-66.5463,-56.2644,-46.2778,-42.9984,-34.7525,-35.8025,-21.9894,-17.2829,-8.54612,-5.9415,2.43664,12.9931,9.96538,24.7323,31.0888,42.3219,41.1962,43.467,52.0452,55.9962,68.7412,77.032,72.8304,77.9906,94.9606,99.9561,101.695,111.557,115.21,119.002,125.893,135.754,141.847,144.527,155.536,157.07,165.98,167.878,185.323,176.593,183.259,194.913,200.522,210.614,213.689,221.388,227.741,230.476,239.199,248.933,248.875,258.929,263.15,264.258,281.356,283.447,285.096,285.098,298.936,304.456
0,0,100.11,0.200605,10.5392,89.9474,96.2166,108.158,94.0235,113.408,87.0542,102.376,87.8541,115.05,105.725,96.5669,92.299,104.366,85.2496,89.7702,87.9992,103.917,93.9131,91.0137,73.4353,117.433,91.6039,98.8653,93.008,92.8191,90.83,93.3544,105.616,98.4977,102.672,100.774,109.281,88.2149,98.698,97.7697,90.733,94.3351,106.596,89.9155,112.153,98.4096,117.913,102.86,107.688,91.2983,109.788,109.432,89.8529,97.706,102.144,96.7454,78.5385,91.7422,100.147,100.406,95.9264,110.721,96.0436,104.694,100.878,100.138,100.7,82.6741,98.7945,78.7937,88.7432,92.6845,97.4691,104.278,100.115,109.203,103.782,90.4828,108.444,118.2,108.815
0,0,112.108,4.94041,6.4813,85.0411,80.0533,83.8094,74.8789,69.5558,88.1195,72.4208,88.8993,84.4825,80.8313,87.2962,93.2521,97.5352,98.8843,90.402,101.014,108.768,87.966,93.9536,94.3304,101.636,95.3687,102.801,115.186,90.1438,102.094,93.8776,110.822,90.9158,110.177,115.623,93.6553,103.076,99.1927,123.976,122.134,125.001,111.136,107.272,117.32,110.024,115.681,120.062,111.939,126.523,123.812,112.667,119.422,123.393,134.626,130.53,129.369,125.685,125.943,124.949,139.34,135.797,124.785,143.968,141.805,134.994,137.435,131.549,138.713,129.318,133.822,150.845,149.914,146.121,143.063,152.869,159.885,148.712,149.354,153.349,135.211
0,0,124.981,0.488735,20.1785,104.835,139.07,154.471,139.536,143.696,113.586,111.956,50.0819,122.502,137.962,136.676,105.955,122.876,87.2693,91.4777,121.371,126.217,142.682,105.614,149.095,124.964,136.171,101.319,145.154,100.844,118.534,141.926,108.863,98.5955,137.714,120.944,139.472,110.652,113.16,138.767,138.385,133.585,145.529,121.336,137.892,160.893,176.502,103.677,141.249,162.474,96.8961,120.07,169.289,115.813,104.405,106.169,138.831,128.189,106.605,125.995,129.923,121.255,129.557,135.236,126.467,117.551,140.93,111.029,126.498,102.185,152.056,157.175,105.275,91.278,148.214,126.32,137.152,184.796,155.951,137.73,131.618
0,0,125.752,4.71692,5.24239,90.6818,91.1456,98.0368,90.6845,101.8,96.1638,91.8283,102.917,101.512,105.909,100.309,100.319,111.92,102.952,102.421,103.679,100.425,108.987,112.931,122.055,109.658,112.224,111.546,113.63,110.609,118.66,116.806,120.879,128.706,119.729,114.378,136.842,120.668,115.971,129.554,119.745,133.981,125.885,116.538,124.375,127.792,137.342,133.859,133.546,134.264,134.801,131.002,134.049,136.887,134.865,138.358,134.761,146.837,147.096,144.651,146.136,137.602,147.265,149.629,144.215,152.29,152.371,149.262,153.438,157.682,152.117,145.634,161.931,156.362,148.482,161.816,159.343,156.709,160.784,164.545,165.336
0,0,126.004,6.28422,18.0722,67.8258,89.0477,105.798,69.0219,59.8701,86.8347,99.6254,42.7285,83.0429,85.6362,91.9352,86.9932,68.7058,91.5581,102.929,75.99,101.828,115.493,124.581,99.1156,81.7458,108.086,117.067,92.4285,125.785,89.1784,93.337,141.186,85.9329,133.93,103.083,125.036,127.764,116.476,113.01,115.127,101.609,134.116,137.514,125.449,127.383,105.495,133.167,128.209,94.0013,142.761,139.519,125.293,148.394,145.215,153.053,149.534,146.148,133.689,132.096,168.673,131.798,141.685,196.057,171.853,170.534,137.478,168.64,158.551,139.784,165.842,157.69,165.647,163.346,191.19,162.394,179.251,207.01,201.969,147.511,134.952
0,0,126.937,2.35704,1.75833,111.624,112.541,112.159,115.823,109.505,109.545,113.237,113.996,115.463,115.116,111.826,117.913,114.777,115.85,114.696,117.88,115.826,119.557,121.583,119.573,119.931,121.642,123.407,121.274,123.131,123.758,123.935,120.179,126.14,121.287,120.047,123.745,125.671,125.348,123.288,126.026,126.78,130.676,130.401,128.5,127.946,130.362,130.875,129.138,132.74,131.343,130.088,133.351,134.352,132.726,133.022,135.541,133.704,134.872,137.677,138.039,137.189,138.409,135.983,137.062,137.737,140.655,139.482,141.281,141.979,140.02,141.554,139.447,143.132,144.658,143.132,140.819,143.414,146.352,144.552,141.147
0,0,113.454,0.540457,14.6572,107.54,116.152,128.412,128.349,99.4009,124.751,104.051,110.125,101.541,127.38,124.572,118.071,118.31,111.531,107.458,127.169,122.727,115.496,108.284,117.283,110.296,115.269,130.05,129.226,121.711,122.653,107.689,115.576,87.1621,106.733,101.461,95.7925,118.871,116.126,105.698,113.615,87.0959,104.927,105.71,122.499,117.915,114.67,106.325,121.644,115.252,124.14,102.009,113.974,143.332,142.734,90.6574,110.901,124.328,131.639,120.3,107.116,125.612,110.527,123.413,100.582,118.47,88.6842,100.121,135.175,129.146,124.483,125.901,109.631,116.285,110.46,124.131,94.4292,106.205,128.812,97.5604,134.857
0,0,121.393,0.476806,0.298694,117.894,118.919,118.417,118.419,117.877,118.558,118.469,118.466,118.174,118.988,119.055,119.155,119.345,119.575,119.259,119.649,119.301,119.764,119.592,119.726,120.098,120.478,119.979,120.24,119.844,120.685,120.499,120.391,120.392,121.473,121.379,121.489,121.35,121.331,121.288,121.794,121.439,121.351,121.377,122.279,122.304,121.15,121.818,122.206,122.056,122.287,122.48,122.572,122.62,122.863,122.461,122.621,123.061,122.856,122.853,123.191,123.211,123.526,123.837,123.49,123.977,124.012,124.107,123.763,124.485,124.489,124.314,124.759,124.651,124.657,124.954,124.828,124.375,124.81,125.097,125.534
0,0,104.36,2.68586,3.10968,83.2571,79.3894,85.176,85.8165,89.936,84.4595,86.9069,88.6755,89.9186,91.8393,83.6682,90.4064,94.7604,93.0548,95.1718,92.7273,97.9044,95.5001,89.2831,94.8448,93.1079,100.659,96.2692,97.507,99.1321,102.019,101.239,105.015,100.21,104.71,103.53,102.681,99.1822,98.8834,103.12,101.451,105.33,108.166,107.957,103.193,104.103,109.342,110.795,106.209,105.138,109.001,111.882,112.457,111.147,116.235,105.181,109.239,107.8,111.966,111.767,122.381,121.383,114.969,115.164,114.568,118.196,120.866,122.312,121.656,120.185,115.556,126.221,123.922,121.306,127.333,120.83,124.924,123.406,126.878,130.4,121.101
0,0,115.496,0.605876,25.227,158.637,90.2701,157.387,117.003,132.038,134.649,106.764,135.14,124.356,98.1135,103.485,141.49,69.5583,99.3914,123.762,146.085,86.0387,94.89,120.37,110.706,80.2462,105.761,108.362,133.006,143.577,128.103,85.1603,167.76,138.889,109.306,113.251,141.421,123.027,150.519,92.4788,100.094,136.52,119.712,101.104,109.668,73.8269,98.9476,139.003,95.402,131.578,136.457,112.304,92.9025,101.751,85.3924,117.615,90.8204,142.095,109.863,74.431,151.549,138.276,86.7006,157.335,143.483,108.421,158.367,83.396,110.731,122.327,78.947,81.4695,110.547,103.417,111.133,147.05,138.419,134.978,87.0598,120.986,122.037
0,0,134.614,0.85642,4.02362,124.764,128.514,133.701,132.041,126.903,133.435,129.199,125.655,128.535,130.777,127.071,124.356,127.327,132.5,127.641,125.552,129.294,130.515,133.475,139.861,125.682,131.882,135.215,125.014,135.345,127.029,134.05,133.027,134.626,137.027,133.999,133.146,132.813,134.96,131.951,132.455,135.853,134.253,139.643,141.699,137.088,143.452,138.237,139.522,138.176,142.359,129.959,140.968,136.16,131.346,139.154,139.436,129.561,139.885,134.68,139.617,139.754,131.779,139.073,138.236,143.91,134.507,138.705,133.248,137.229,133.594,134.465,139.125,144.304,142.718,141.95,133.179,136.291,141.574,138.299,133.577
0,0,126.852,4.71276,26.2717,51.0787,96.7904,123.023,61.8898,47.9527,68.1766,84.6054,135.019,121.372,121.203,83.5436,123.903,111.443,86.3882,90.6556,85.8901,89.4658,110.085,162.097,137.307,114.157,88.0671,99.1458,116.39,104.018,140.441,126.746,90.164,104.318,74.5069,141.902,52.1926,138.89,76.6936,103.333,111.643,79.2156,134.716,107.86,119.025,172.833,130.573,116.043,180.937,128.522,108.146,130.959,114.608,142.258,175.789,161.511,116.78,117.719,162.216,132.625,143.582,172.6,124.607,171.777,163.15,137.459,185.75,173.542,175.804,150.25,161.103,163.117,175.427,107.129,163.756,136.114,160.373,203.155,171.272,186.099,156.926
0,0,82.6911,0.730603,87.0707,-10.1033,11.6705,203.624,118.065,89.0906,217.603,201.822,46.3347,-70.4552,109.798,123.087,89.9434,52.1956,115.224,10.9851,85.6765,111.691,88.7806,52.0005,88.3266,30.551,154.481,174.859,150.156,141.991,142.55,49.1642,203.261,86.073,56.4252,24.6894,-8.83841,66.5458,10.4325,35.5178,130.062,117.092,117.255,5.7716,26.1253,-14.3589,28.0956,42.3601,85.9955,161.233,43.146,-53.4818,85.0862,162.784,154.051,-26.6397,43.6993,135.25,33.0986,54.9332,128.749,-13.0005,128.123,123.267,130.848,102.521,174.437,130.771,-93.6875,135.653,1.12945,135.675,164.037,-1.06404,104.668,70.4434,95.5935,184.86,128.282,111.128,19.9692
0,0,125.453,0.715156,24.6805,90.8262,133.22,74.6545,165.976,144.799,113.596,132.139,130.556,111.044,155.312,105.67,106.12,98.3214,104.317,147.396,103.862,141.014,108.692,130.037,149.129,76.1339,110.927,124.355,130.952,96.0477,124.906,117.825,112.262,103.684,159.855,143.609,125.745,108.788,149.046,119.817,142.997,177.082,103.564,128.639,109.043,132.559,134.409,126.393,132.635,130.128,155.459,150.316,146.749,104.584,166.667,134.227,116.7,127.021,111.101,158.244,132.063,123.063,141.062,144.127,143.637,148.834,99.5161,127.208,105.839,124.038,138.767,126.855,149.299,145.463,134.964,159.25,120.47,126.672,144.316,100.102,106.746
0,0,99.8467,9.47072,10.6893,31.6328,32.4138,37.3175,50.7379,40.5294,40.4539,37.8634,40.5639,61.4006,36.8733,65.0945,41.8602,65.383,53.0723,43.8167,53.1446,42.3294,62.9126,66.4261,62.7984,55.5674,56.3865,58.8873,69.2454,83.8587,87.9971,86.223,66.698,86.3482,97.6803,95.876,95.2213,83.0473,97.3989,93.1135,111.801,116.077,107.633,128.136,101.616,118.273,109.059,98.0782,114.613,122.075,119.327,122.785,113.535,135.992,124.724,138.825,119.226,135.788,119.641,146.323,132.43,127.953,132.58,150.496,161.097,155.008,156.551,153.777,156.492,157.89,161.411,174.906,156.085,161.844,173.544,172.176,168.242,161.068,174.566,189.94,177.239
0,0,105.153,2.56536,9.68855,78.0199,91.9821,93.4516,87.4733,75.7938,78.7079,95.3958,76.143,90.0663,92.1903,114.884,83.0549,102.811,77.5944,89.9507,109.827,94.0466,88.3347,93.6612,93.5594,83.8341,84.6945,98.8193,89.7799,87.2842,105.544,93.6182,102.043,109.582,100.436,107.486,99.8024,109.956,102.391,115.714,94.6431,94.3662,94.4241,112.573,98.381,109.466,119.072,101.571,105.509,122.412,104.244,119.281,116.842,113.651,133.316,117.761,117.186,102.191,102.584,112.43,115.523,106.68,114.008,107.734,104.573,107.879,107.486,112.319,103.955,115.93,128.207,118.469,120.279,112.81,111.605,131.314,119.723,124.973,124.984,126.796,133.496
0,0,95.1666,0.119046,11.2887,94.8928,108.815,104.548,107.289,91.3584,103.46,92.4933,83.9342,107.193,99.9995,96.1935,101.586,82.0775,99.5295,87.351,86.7454,96.1595,94.2429,96.8216,83.3802,104.709,70.184,90.6025,77.4074,90.3899,79.6056,78.4568,96.6641,98.7344,104.467,105.342,92.3052,82.1729,103.207,96.9643,102.227,70.8386,97.1935,86.8647,91.4173,111.481,79.6842,83.6771,84.1874,87.0443,99.1975,65.761,85.5934,113.501,81.3383,97.9322,86.004,115.454,96.3493,81.2293,111.907,97.794,86.6727,84.1886,107.235,87.1226,88.6273,69.7337,96.5342,108.331,86.9674,92.3836,94.8626,81.2588,74.2204,106.514,111.539,77.9081,112.597,125.779,107.456
0,0,115.719,0.711978,30.3101,120.123,118.241,47.2068,115.343,102.112,76.3637,128.144,69.3876,130.561,96.1467,81.9599,108.025,101.244,98.6416,98.6524,174.19,148.492,120.256,86.5045,109.705,97.7788,93.4753,77.2283,114.378,155.112,151.813,99.4453,161.14,130.696,124.894,90.961,80.7059,114,65.151,112.071,95.5376,67.6882,116.583,110.703,161.948,109.256,124.126,124.562,90.1674,109.585,135.419,106.95,107.948,135.398,214.988,130.241,114.264,91.7914,139.262,113.48,138.636,161.601,128.684,106.105,114.685,117.724,124.876,139.676,115.108,110.353,180.393,177.877,133.517,86.496,90.2803,147.743,105.121,122.866,105.442,70.0318,104.89
0,0,86.311,1.54365,3.00472,80.9811,75.1677,75.1835,75.9754,76.9483,71.6477,79.4664,79.7877,77.3607,78.4061,79.4959,78.9147,83.3067,75.9563,78.9547,76.1715,81.7741,83.0459,80.1627,77.8192,78.4217,82.0374,82.6021,79.9584,80.6751,85.4142,85.361,84.7558,83.7142,85.7897,84.1787,90.8059,90.0676,89.3883,79.2951,86.6134,79.9352,83.9356,90.0336,96.0476,87.9685,89.4919,95.8929,87.5812,92.4253,86.438,91.6773,90.894,92.3575,84.9232,89.7648,90.8742,92.7195,91.9808,94.4559,90.5535,93.6165,89.6415,94.7759,83.7667,91.267,92.7022,95.8427,94.7038,91.8499,99.1819,93.5567,93.3533,97.7272,96.3857,96.1908,99.2767,99.3385,95.6019,102.779,96.7533
0,0,103.359,1.85584,25.0153,75.7858,81.816,54.7357,69.6904,69.6612,87.9947,83.8637,83.4855,100.269,151.262,66.5716,74.3494,57.8517,51.7459,105.085,65.3814,123.383,91.6776,103.1,104.292,107.735,111.767,137.887,81.4724,88.9077,126.41,110.276,64.0865,78.0998,110.382,63.2204,147.604,100.78,125.929,133.872,171.334,83.4688,111.152,119.642,101.724,74.3437,84.6051,115.96,108.903,131.56,141.453,105.96,123.071,92.2448,110.841,123.729,108.858,85.9632,99.9364,106.721,146.373,68.6311,117.584,109.854,135.583,107.267,104.557,112.557,132.937,104.076,140.987,132.144,87.3033,113.074,173.857,148.673,77.7689,110.594,114.626,142.642,124.696
0,0,119.845,0.254019,4.6015,107.35,111.493,117.288,114.039,114.464,118.671,123.372,112.071,121.433,109.41,113.859,123.437,113.732,121.422,116.304,120.509,116.064,116.489,113.124,120.817,116.924,129.053,119.993,108.406,113.989,115.96,121.763,119.882,112.605,124.889,118.167,129.12,114.163,120.399,131.842,119.137,121.683,112.236,122.917,115.615,118.968,114.562,128.047,116.396,116.724,119.176,128.965,123.349,121.37,127.157,121.416,121.707,125.069,120.831,126.234,123.272,115.213,126.263,121.704,125.302,118.353,115.426,119.231,118.619,119.31,127.015,117.483,131.446,120.317,130.228,116.923,126.539,120.768,123.583,121.505,121.686
0,0,112.878,0.385589,3.69585,102.434,112.041,107.961,108.894,110.403,114.981,116.559,107.183,116.639,110.169,105.875,107.99,115.629,109.935,113.226,108.289,109.398,116.022,109.767,111.028,118.522,112.974,115.735,109.639,112.032,110.312,105.941,111.43,113.995,111.807,111.481,111.136,117.672,110.402,112.523,116.438,113.019,116.734,111.713,111.166,112.573,112.74,112.411,109.972,113.138,113.106,110.769,112.392,118.971,114.737,113.865,113.45,117.145,121.398,118.858,119.337,117.246,115.851,113.122,114.251,111.382,114.144,109.922,115.148,110.758,111.865,116.883,114.201,113.474,114.485,121.588,108.99,111.709,119.553,117.412,115.195
0,0,99.0113,0.620053,26.4496,92.5977,88.2762,114.695,102.794,66.7748,67.6838,176.155,52.4716,116.629,78.6992,123.743,63.8668,60.3036,93.2249,111.096,41.8783,50.2631,100.782,92.3709,72.0752,111.337,124.722,132.661,90.8893,134.609,72.8285,128.25,130.202,69.4076,125.821,91.7696,110.494,84.9096,141.249,89.4121,101.602,71.68,185.207,36.8147,139.42,147.706,109.752,106.746,69.8643,127.029,78.1007,69.3396,113.902,49.4334,94.3182,124.38,124.836,114.097,52.2517,150.554,126.405,103.465,104.498,100.815,115.5,22.6679,107.804,96.5588,92.7099,110.353,96.389,96.7986,99.8051,92.2069,114.092,99.8384,88.7863,110.366,125.774,62.1563,62.2711
0,0,97.0936,0.619361,49.1347,86.5099,95.4172,128.209,42.146,127.633,72.7289,76.9832,150.028,168.041,134.503,154.105,29.9733,134.595,48.169,109.095,91.3251,128.865,-27.6539,135.368,121.489,116.381,187.021,116.374,88.1523,90.4842,65.0065,198.6,-1.55941,55.9281,95.5685,169.884,78.3923,38.1536,187.515,188.613,77.5107,152.156,123.461,167.009,47.7516,140.18,82.608,120.871,90.1947,51.0607,56.9687,80.6154,113.732,107.323,44.5913,93.8933,84.1782,74.3724,127.066,72.0282,114.56,52.2329,163.336,75.2851,53.8103,111.393,136.897,115.897,139.271,88.1807,145.051,24.0228,-57.802,108.091,136.163,132.498,99.6083,158.676,101.939,149.809,33.9643
0,0,109.298,0.685216,11.2063,96.986,120.864,90.2791,104.531,102.338,93.9112,110.631,93.9972,104.062,109.469,107.92,107.687,123.522,129.296,106.723,111.659,90.5577,101.708,113.221,97.7593,118.779,105.157,112.907,100.478,95.9903,104.085,90.19,116.417,111.729,122.831,114.477,137.69,116.324,121.385,97.6438,109.718,114.53,108.233,110.852,110.368,113.894,108.844,125.237,93.0765,102.293,119.578,113.146,113.43,117.965,129.057,114.932,96.8645,121.814,112.363,121.466,118.937,112.28,129.112,107.334,115.689,107.296,114.226,109.98,118.727,101.492,141.073,124.262,119.169,115.59,119.757,135.407,125.838,115.06,105.391,119.342,110.086
0,0,95.5834,0.425276,60.8459,117.647,79.9216,76.257,41.5929,120.975,-79.0919,141.515,64.9862,63.0828,123.899,154.657,90.5125,181.37,38.1219,156.071,64.1065,113.291,209.049,45.1434,119.162,51.4174,26.6537,70.7368,126.446,35.4377,67.717,128.235,141.006,88.3697,143.452,122.76,54.0124,61.8462,57.1724,-86.3837,63.433,181.88,110.565,38.5325,141.904,53.1673,190.22,99.0861,-10.2327,68.784,56.2161,105.296,93.5087,36.4662,36.889,79.4384,138.68,105.987,73.9847,66.3988,139.648,158.877,115.393,35.1563,81.5083,149.913,51.6039,94.2062,33.56,105.522,162.703,109.928,131.313,117.097,-29.6945,92.2307,102.121,197.035,175.584,40.833,82.1409
0,0,72.738,7.33833,3.94679,17.9746,22.65,20.6656,27.9488,35.8409,25.236,31.842,36.027,35.9412,36.4927,36.9816,33.9345,37.8892,41.8719,38.5554,44.2598,50.2896,48.8194,45.0229,53.1118,58.0231,49.2278,58.5278,59.128,54.4795,65.5042,60.347,53.7401,58.2804,66.7454,65.6416,65.2939,69.6576,65.8492,72.4255,76.9438,75.5663,68.8523,76.5289,80.9683,73.8188,80.8249,82.0911,84.4015,84.8984,90.5197,80.8282,85.0188,98.1765,98.1673,95.6353,96.2702,94.3251,98.0967,102.249,109.466,102.304,99.5837,107.119,106.789,110.341,113.964,109.888,113.958,115.78,116.172,121.802,122.68,120.952,123.429,114.889,122.578,120.28,125.996,128.679,130.452
0,0,108.691,1.50497,6.05276,98.8129,96.6503,100.231,96.5528,96.9582,101.305,98.4215,94.7688,95.3785,98.4834,100.698,103.966,99.8121,90.2662,104.928,103.627,106.426,115.525,106.921,107.223,111.685,105.841,109.54,108.462,109.723,107.874,100.293,105.953,110.939,102.744,110.619,113.637,113.496,117.534,106.765,110.829,112.547,103.281,106.475,104.107,109.58,111.206,107.802,112.648,119.152,117.453,121.861,107.881,103.94,114.425,123.154,114.078,116.115,105.932,110.198,120.653,105.774,103.578,111.571,123.058,123.855,112.14,122.334,111.43,116.751,116.89,120.7,122.117,109.645,130.67,123.519,116.78,119.1,118.901,122.045,122.423
0,0,138.475,1.81844,4.11904,129.575,125.242,123.026,127.465,128.141,127.057,126.227,122.354,132.509,135.345,128.814,124.374,121.614,127.113,129.426,127.149,129.663,125.612,135.292,131.952,135.567,130.433,140.647,139.054,133.592,136.415,136.428,140.25,136.631,134.721,139.931,141.889,138.887,133.986,139.245,139.431,137.104,142.139,138.355,136.554,142.274,144.6,147.194,136.675,145.253,136.181,140.827,143.907,141.026,138.882,142.776,136.904,142.484,147.759,141.667,146.331,138.224,141.671,155.075,156.68,152.335,146.237,146.076,146.269,146.566,152.969,149.941,153.234,151.142,155.1,154.571,152.434,154.321,154.881,152.95,155.166
0,0,72.5345,1.53818,28.7572,19.524,45.6743,-34.3511,43.4515,-14.5717,84.5485,90.5534,73.4192,37.9401,91.0818,66.8406,24.2849,62.2034,68.1185,77.7699,70.3864,68.033,64.7892,125.035,50.138,34.2026,22.1759,82.6471,80.3579,94.7873,12.7468,24.4708,93.3756,64.3062,78.0463,95.5916,68.0664,70.5961,116.251,64.56,80.4724,51.0671,94.3095,97.3707,90.4829,100.308,55.7525,127.367,110.754,78.2387,75.8839,88.4535,36.569,102.692,48.6441,97.4626,80.9676,36.5863,91.0265,35.9936,78.3227,71.9787,85.7492,108.891,77.6715,60.6214,63.835,60.5593,111.599,77.4344,14.6708,94.6063,115.616,93.6133,82.9729,61.3145,82.3189,127.908,136.273,80.4523,62.3552
0,0,86.8573,0.282448,14.1343,89.2116,60.9532,93.4272,90.1457,76.6193,101.6,93.7756,54.5115,97.9216,68.7279,64.6979,82.0405,107.279,105.385,112.839,83.1739,96.4576,95.603,73.9613,69.8963,84.666,104.336,97.8377,86.0373,98.0844,87.7342,102.684,57.8871,83.2169,104.464,106.73,91.643,80.3343,67.2177,95.1136,87.2566,74.2584,83.27,99.5022,70.2583,97.4649,112.501,87.1855,89.3076,88.5064,97.1958,85.8489,89.1186,64.2068,93.9452,86.6573,77.0501,65.0059,70.8892,83.2888,80.0321,76.0146,85.0115,80.7295,90.9398,107.796,76.8696,72.3118,82.8453,97.2991,96.8788,84.3788,90.1454,82.3004,100.345,86.9412,91.2439,85.7343,79.6789,112.031,79.1307
0,0,107.188,0.35714,7.22253,104.529,107.845,101.905,118.213,107.309,99.3433,111.121,110.815,120.132,103.286,108.063,98.94,110.469,118.877,105.671,109.585,104.094,99.8485,106.934,94.3334,117.484,96.321,102.916,107.044,115.607,111.757,117.495,98.4581,103.229,108.616,126.215,108.738,105.268,105.345,111.21,99.7103,111.166,104.047,109.04,105.806,95,105.937,105.763,100.756,97.115,106.103,113.471,111.563,112.58,99.7511,109.954,108.71,95.0443,106.298,119.046,111.929,103.55,109.321,111.283,102.665,117.098,114.031,107.165,113.707,100.787,111.635,117.159,123.368,104.627,110.435,113.03,95.5053,124.364,102.929,112.624,112.66
0,0,98.3733,1.71121,7.61653,94.042,89.556,97.8261,79.9202,82.8621,87.318,80.1388,75.5883,91.3028,79.7006,91.9183,88.079,86.6346,95.2798,80.4157,91.5465,80.8753,99.1022,86.3616,108.216,107.527,101.506,94.5086,82.0476,82.0399,96.976,96.9665,100.359,83.9576,100.932,84.9758,108.373,124.336,98.2658,98.9762,90.9917,104.613,94.3857,86.0126,101.7,95.0615,103.622,95.5462,115.517,98.6213,96.6356,99.057,111.563,97.077,105.23,104.523,106.717,91.6791,117.246,96.2011,100.547,91.9859,105.737,94.4135,115.53,92.2446,102.696,114.496,107.405,108.062,78.8385,111.498,114.132,109.742,130.477,111.375,106.618,111.365,101.008,110.236,95.3917
0,0,97.4165,1.10025,20.6788,63.6666,118.958,125.626,79.9903,114.969,87.7519,110.934,113.406,72.4056,106.375,101.505,87.1985,105.43,101.753,117.476,123.118,93.9589,118.282,88.4292,123.963,71.8649,75.3046,96.5538,93.0742,124.229,110.349,115.735,85.6382,92.856,102.715,86.2596,94.6246,88.1935,78.8742,116.678,94.964,104.148,49.2246,104.379,47.2037,65.5837,100.511,94.0355,72.7596,93.7009,99.1047,120.484,114.349,141.114,98.0285,80.8832,123.067,67.5953,132.058,141.298,119.479,80.3146,103.305,74.4974,140.202,64.6767,73.4193,98.241,79.0681,63.838,97.8472,105.759,120.151,113.47,104.034,66.8892,89.3671,133.695,122.749,70.9648,104.311
0,0,118.177,0.386761,3.67515,118.096,111.286,114.177,118.056,120.119,110.965,115.619,110.943,113.663,123.063,116.769,119.751,117.636,121.003,119.679,117.499,116.606,114.958,116.395,113.664,117.759,117.319,121.484,113.99,120.067,113.938,120.168,118.966,118.88,116.695,115.692,121.304,120.955,117.439,124.266,118.995,119.768,119.235,115.486,120.036,122.136,121.392,121.348,115.108,110.355,119.703,126.465,116.377,120.424,122.022,121.903,115.929,119.416,125.464,122.344,120.554,117.496,118.156,118.621,116.343,119.39,114.791,120.846,115.427,122.624,121.298,121.059,117.905,119.108,121.035,120.192,116.163,122.021,118.576,124.938,120.76
0,0,116.562,1.60421,11.4881,102.57,101.744,92.7458,107.904,99.4739,134.749,111.892,108.295,122.335,103.939,121.463,94.9788,117.331,112.105,125.816,111.342,120.973,102.809,126.058,123.287,89.0059,93.872,107.736,117.517,105.787,102.529,100.644,105.797,101.627,111.084,126.615,141.525,109.131,104.165,97.1374,102.894,118.286,111.093,107.619,98.5079,103.723,112.568,112.381,108.521,128.615,119,132.016,99.0027,120.394,136.119,128.786,128.535,132.636,133.488,124.609,148.652,105.135,109.784,109.529,127.742,110.451,105.253,132.841,128.104,125.161,116.277,130.219,145.863,127.095,131.546,129.466,132.114,149.202,125.369,140.218,142.188
0,0,68.3846,0.197024,3.93273,68.6133,64.7854,66.1048,67.103,73.87,62.1279,70.7525,70.1815,73.2789,76.5494,63.0786,59.0824,68.8927,64.6552,67.0889,65.0731,63.6045,63.5234,71.6251,64.4658,71.1443,64.8908,63.8186,61.7328,61.9019,71.1277,65.3622,63.7053,63.1529,69.3552,72.2634,71.2437,63.6811,64.4407,60.8967,68.8917,68.9765,67.2876,71.5326,64.7965,70.8904,69.943,65.1621,66.1272,63.7677,70.9666,69.4819,67.8471,67.9453,73.822,66.6752,73.3955,68.6036,71.8868,67.0452,76.1446,65.0163,71.2772,72.6003,70.2959,71.4013,71.6508,66.2673,74.0462,65.4623,68.5339,64.2524,65.2007,64.0754,67.8082,62.7946,69.4755,67.5134,70.8307,72.4935,64.415
0,0,111.17,0.146328,79.0356,238.817,54.6627,-24.719,116.448,113.471,78.8629,72.7153,39.3967,143.384,73.2963,275.224,-72.5156,226.71,54.5548,-66.8384,56.5675,148.519,105.747,64.9448,103.179,40.9474,212.654,113.725,78.4838,143.662,104.43,268.176,129.036,73.6564,230.701,96.4196,100.402,152.749,84.5315,122.135,190.667,199.818,188.163,121.245,195.433,122.559,234.358,130.144,182.231,208.994,101.437,84.594,89.2824,119.435,0.29425,148.363,136.838,193.782,194.726,172.487,54.4815,135.036,132.11,52.2997,118.975,15.0925,79.8085,134.412,32.2036,146.377,339.022,106.388,86.8501,72.5699,82.7347,57.122,-15.2671,240.559,271.409,36.8722,100.171
0,0,145.383,1.02185,46.694,173.026,35.6879,53.587,124.056,100.931,154.57,146.314,117.796,242.569,130.202,179.312,82.7338,222.495,19.9296,213.171,164.343,134.653,141.74,145.249,189.001,63.8027,152.899,129.979,107.056,80.5684,91.1882,97.3429,180.886,104.784,218.253,140.421,125.684,179.845,169.323,124.444,93.5096,232.146,124.058,192.996,80.6938,150.56,255.639,181.086,180.092,173.978,129.516,134.641,108.467,95.9415,164.974,128.353,179.155,271.869,234.625,202.575,66.2052,127.935,156.495,198.274,192.919,82.4853,223.379,167.359,152.455,160.666,203.277,122.461,183.273,180.345,92.5044,211.056,160.932,77.4598,128.463,177.238,138.505
0,0,106.347,10.051,0.556408,36.5637,37.1787,38.8692,42.1912,42.7292,45.5907,47.1787,49.9344,52.5491,54.8737,56.0005,57.6271,59.7045,62.9172,64.5682,66.2787,67.9085,69.7096,71.6586,74.0968,75.936,77.7854,78.3896,82.0184,85.4089,86.3597,87.8527,89.5715,91.0618,94.4039,96.165,97.4299,99.7408,102.382,104.438,105.651,108.48,110.515,112.754,114.071,116.2,118.091,121.034,121.451,124.759,125.956,128.586,130.525,131.345,134.321,136.324,136.909,139.313,142.998,143.786,146.062,149.227,150.221,152.794,155.499,155.843,158.463,160.606,163.29,164.997,167.775,167.399,169.28,171.752,174.699,177.549,178.184,180.283,182.904,183.438,187.336
0,0,109.01,0.74617,1.19084,103.8,104.981,101.5,103.693,107.238,105.872,103.955,103.22,105.83,103.535,104.677,105.47,104.532,105.08,105.931,107.559,106.493,108.982,105.612,109.3,110.588,107.288,105.483,107.898,108.262,106.721,107.133,108.677,107.901,106.869,106.523,107.039,107.088,107.675,108.21,107.881,109.28,108.619,109.009,110.269,111.028,109.353,109.766,110.567,109.133,109.848,109.438,110.591,109.13,110.697,110.308,108.891,111.309,113.153,111.235,113.021,111.272,110.643,111.283,111.027,113.856,112.262,113.638,113.899,112.229,114.559,114.104,114.19,115.913,113.787,117.519,113.826,112.604,113.191,114.746,115.358
0,0,95.2153,0.882694,51.1176,64.5431,128.392,61.5477,37.3474,102.606,121.34,89.0481,197.463,13.8359,115.757,112.481,34.1188,119.357,161.6,61.6468,69.5888,42.1623,-11.6152,84.1547,82.2203,215.325,186.919,185.036,35.2041,182.598,35.9667,131.506,148.288,-16.3178,65.4508,112.339,40.5541,93.2958,41.3577,81.2442,33.2082,38.5988,93.5317,38.0888,71.9226,123.615,67.3194,98.1065,69.5634,108.909,-64.5538,69.6822,94.5662,53.9694,103.022,72.6805,3.86621,78.1604,156.697,70.7982,119.857,226.155,9.22009,86.8302,40.2013,72.3988,23.3274,142.848,72.7391,-44.1351,125.151,100.577,45.4732,27.2205,98.5644,101.512,96.3582,24.5143,19.2905,158.806,133.961
0,0,83.0105,0.383383,3.72498,87.49,82.2261,83.0923,72.6508,80.0986,75.6775,84.5322,82.9777,80.6354,84.9852,78.6636,81.8985,77.4121,79.2678,85.7078,81.1506,81.1822,74.7818,82.2189,81.7995,79.8726,84.9429,82.9502,81.9712,75.5993,83.809,83.3829,83.3785,78.6986,82.8173,86.2304,80.2831,83.6632,79.5273,87.6106,77.0827,82.8434,81.2385,75.5265,88.4097,80.2553,85.7112,77.9446,87.3085,84.4179,85.4936,86.3625,86.5753,81.4392,83.6772,92.5752,89.3525,83.9248,77.9462,87.6472,87.7662,82.2398,83.0775,80.8958,78.8069,81.662,86.5239,80.8988,82.4408,88.0825,84.7157,86.0639,85.773,90.1072,85.9135,90.2111,92.1576,88.7772,84.7924,86.0351,85.6191
0,0,115.402,0.611067,70.9272,-25.2828,22.1814,111.255,106.975,125.625,7.57306,80.13,89.6006,203.894,136.343,134.957,124.871,166.912,3.01404,40.4958,227.817,199.934,112.288,90.9566,79.5295,237.52,49.4629,36.6344,67.9071,22.3829,63.6055,109.516,76.2472,24.408,73.9618,93.2527,139.304,26.0832,106.216,139.333,153.817,279.638,272.702,162.988,31.1493,113.15,156.948,282.141,188.416,81.1292,142.984,50.9802,89.3063,-0.603861,223.992,71.9888,155.163,61.4932,16.4091,167.411,217.148,212.975,13.8409,209.631,120.776,191.331,252.292,118.048,218.302,151.153,48.6674,48.454,231.23,80.0465,60.5213,59.6884,111.135,86.1089,16.9333,10.8696,118.597
0,0,96.7065,0.196722,17.1166,107.368,69.3141,89.7222,91.9767,89.068,111.728,106.626,115.776,89.4439,75.5896,120.427,119.311,86.7233,104.014,84.5564,108.938,103.225,103.1,107.517,83.4194,97.0386,88.4215,90.8805,124.081,79.7733,123.664,72.3405,89.6626,98.1103,90.0645,85.729,93.5892,106.118,106.411,102.286,94.9171,87.8082,110.543,112.714,78.1368,106.061,86.405,81.3435,108.256,62.0602,85.6043,127.832,77.6046,136.073,108.497,133.04,92.9623,111.68,123.702,113.137,105.462,93.9506,46.4483,113.742,101.045,91.3653,103.421,122.207,56.8466,108.584,59.688,94.3224,122.69,94.7305,101.622,96.041,94.7207,94.25,116.301,70.5012,20.9092
0,0,116.533,0.134326,109.566,-7.00132,124.881,-1.02794,58.7659,11.5161,253.327,74.0895,156.767,255.242,111.908,61.0128,20.6601,50.0008,86.4279,134.307,211.53,182.869,202.265,110.322,151.342,319.494,53.8332,84.0528,85.7058,154.75,145.473,127.033,242.201,155.157,177.948,83.6618,-6.02522,178.684,-5.07283,20.0734,123.776,55.1752,73.2114,166.676,186.283,68.1253,186.661,141.753,273.632,115.299,76.7234,253.426,388.124,47.2498,269.868,13.6569,192.207,134.547,36.0267,274.735,28.4061,28.6044,72.5382,236.508,115.59,87.2622,3.67806,30.0079,141.561,224.949,-56.4544,37.3132,290.007,73.0292,117.823,173.06,146.066,139.299,-180.402,259.682,93.5574
0,0,111.632,4.36267,58.9773,117.514,111.034,176.727,50.8666,86.1793,58.241,125.381,67.0168,156.382,82.3199,133.167,159.585,54.7837,61.6491,33.3998,202.454,48.6169,85.5008,78.4468,80.968,105.824,88.651,228.026,69.076,93.6113,114.352,-13.6796,94.4293,56.825,91.3198,123.784,211.749,173.139,28.6268,78.5804,152.692,146.626,-5.47077,44.142,87.3902,115.241,65.4431,49.284,127.718,184.698,141.511,68.3565,123.891,73.4748,207.016,183.827,205.585,208.031,26.4703,205.646,179.704,126.428,75.9761,98.8182,236.401,114.866,206.427,141.493,56.6714,214.79,73.2017,231.777,80.6513,215.022,185.088,90.9544,105.892,212.846,138.504,137.838,101.782
0,0,122.665,1.06617,0.996655,114.714,115.879,115.477,115.399,116.373,115.568,115.595,115.684,118.403,117.474,115.548,117.271,119.059,117.446,118.625,117.969,117.36,118.259,118.977,117.343,118.233,120.548,120.571,120.977,118.943,119.403,120.552,122.08,119.961,120.406,121.289,121.066,122.293,122.799,122.521,123.509,122.753,123.776,122.916,122.286,124.947,123.02,124.695,125.741,122.747,124.823,125.686,123.999,125.364,126.206,125.11,126.376,124.825,125.584,126.237,126.18,125.6,126.385,128.222,127.482,128.136,128.577,128.369,128.096,128.496,127.896,129.016,130.675,128.868,128.769,129.452,129.484,130.522,130.006,130.312,132.925
0,0,111.333,0.266713,5.98095,106.908,112.263,117.501,107.87,107.64,101.592,103.029,108.707,112.881,105.622,110.212,118.816,113.547,107.472,107.94,112.348,110.109,111.652,104.316,101.581,115.896,117.323,114.35,108.31,103.171,119.172,107.005,112.086,116.124,119.36,114.848,122.297,118.872,107.841,109.056,107.037,110.842,104.791,114.195,112.361,108.207,106.033,118.283,124.527,96.8034,110.443,108.474,122.449,124.751,112.947,119.242,103.136,113.15,104.064,106.319,109.533,101.825,100.158,107.426,113.055,114.833,109.893,104.19,113.041,111.69,117.578,100.551,123.638,119.498,111.625,112.877,121.555,118.808,111.531,110.206,102.632
0,0,131.051,0.229342,16.0079,145.228,145.955,128.25,113.238,134.243,137.448,119.513,129.106,107.736,124.899,129.874,130.498,140.586,115.838,144.263,113.612,134.14,91.2247,107.861,135.281,114.728,153.447,150.567,142.731,117.877,138.469,123.337,97.6593,139.267,114.4,106.58,128.569,145.64,124.888,124.104,152.825,100.764,147.071,125.142,121.956,111.839,164.796,113.656,121.517,127.467,173.726,108.146,178.363,146.896,125.536,129.015,137.515,109.541,144.813,161.669,136.91,141.808,154.093,127.964,146.186,153.477,88.8099,99.7136,126.984,137.101,123.112,114.055,135.494,114.401,138.545,121.811,113.337,115.726,122.837,151.087,162.551
0,0,140.206,1.24655,9.45679,118.711,148.372,113.838,150.808,123.904,127.911,135.659,122.067,148.445,130.097,135.836,131.877,132.938,131.807,133.906,138.895,142.903,124.973,138.984,140.616,143.105,140.328,143.967,143.562,133.23,136.694,127.9,140.746,124.735,137.058,127.621,132.371,130.362,131.265,130.599,133.613,145.062,161.191,141.74,143.276,134.564,144.946,145.423,140.967,146.134,129.859,130.781,144.189,137.747,138.637,135.481,147.857,127.499,138.938,133.161,134.876,154.258,131.256,133.546,145.256,167.761,148.437,146.87,136.816,155.8,144.634,145.734,156.732,118.376,149.672,152.665,152.176,135.944,146.439,148.387,152.404
0,0,131.754,0.857984,56.4139,93.0111,225.202,130.904,140.792,200.169,75.4099,70.4867,100.582,41.8686,157.318,154.441,52.094,3.30066,180.21,183.17,85.3928,160.861,69.2171,39.1552,72.2842,187.739,68.4703,109.064,71.8983,144.677,67.8943,187.846,122.884,178.726,23.2283,174.228,227.207,285.494,56.735,85.2147,181.547,173.168,268.54,29.4551,53.682,135.171,97.5108,120.19,221.215,133.332,178.066,190.153,78.0567,34.8405,197.413,197.747,88.3767,135.858,102.354,80.7512,137.784,0.533566,233.532,179.106,140.352,56.8162,148.817,160.607,138.62,137.407,106.913,192.453,160.416,117.837,128.384,114.467,151.646,134.559,110.987,192.147,192.425
0,0,89.0259,1.61914,5.41985,69.0467,65.4208,82.1365,82.9045,76.0182,86.0478,85.7266,85.2138,81.374,93.1704,69.0564,89.419,85.5032,83.4866,87.684,74.2569,79.3656,78.1919,86.5887,80.795,89.061,90.2659,76.8901,93.1538,78.3498,86.6908,75.2243,93.7251,84.7162,83.4619,74.691,93.9243,85.7045,85.1665,90.1289,90.5527,92.7181,90.2761,89.752,83.7249,83.8379,88.8576,94.7186,96.7987,93.021,90.0325,93.7451,103.382,100.637,97.5066,100.114,88.6513,87.3744,100.09,95.997,86.1947,91.2103,91.3969,91.1219,93.7805,98.7325,96.8316,94.5132,98.592,96.8953,92.7102,94.9748,99.6996,105.592,97.9226,113.39,99.8156,101.438,100.264,100.835,105.666
0,0,83.9571,2.39769,9.61774,70.9508,74.1511,79.9051,67.3822,86.0992,77.2356,57.0816,58.4459,72.7853,83.202,74.0953,75.3917,71.582,75.8005,72.9206,68.5247,88.6652,74.8531,74.3881,81.1455,84.38,88.4386,58.7756,73.6205,94.7294,84.2979,70.8593,86.8238,76.1174,72.2003,80.7056,86.4379,80.314,73.2234,78.1841,87.4441,86.4121,88.3171,80.031,88.9965,90.8187,93.714,95.1481,85.8613,68.6397,83.9571,90.9703,91.8936,83.8643,79.2762,87.6977,96.2614,89.053,89.151,85.7718,105.07,97.448,95.1768,90.724,91.1394,93.2721,104.09,89.2143,108.351,100.322,95.3185,97.376,113.1,95.7282,83.1023,102.006,89.8467,97.0016,102.48,103.487,113.735
0,0,109.358,2.69832,66.0504,-110.438,100.979,212.187,49.3871,181.555,85.0903,171.457,81.1187,45.9092,128.501,59.8266,27.2813,19.1114,148.937,102.151,193.708,51.2223,109.571,89.773,5.23009,13.7005,27.7342,34.2573,12.1116,-8.93879,158.101,141.285,28.3573,144.607,43.2999,24.527,128.197,89.1701,185.705,102.632,97.2942,126.792,213.54,188.596,152.833,1.56832,115.604,131.048,91.5919,171.592,-18.5715,123.349,6.10305,173.783,222.383,140.531,29.7723,82.3767,130.036,184.933,128.859,193.048,215.163,24.3046,113.314,188.113,101.782,17.5235,145.329,81.6219,154.207,54.9534,121.414,157.128,73.6963,149.296,210.05,54.4367,-13.4047,278.13,161.8
0,0,120.44,7.61244,20.4116,68.9734,47.0869,56.1101,60.4309,60.8188,94.699,73.968,95.1528,75.0701,110.313,96.0989,92.2675,113.331,111.466,116.678,94.6374,94.9156,100.123,95.9954,107.598,95.8484,82.7684,120.956,75.4492,134.52,97.4172,120.45,120.376,75.434,109.416,79.2353,115.618,136.981,130.37,151.984,120.332,125.161,105.805,85.0512,142.378,111.617,120.267,146.595,108.282,128.261,145.681,151.206,164.703,118.343,137.186,123.749,165.245,154.483,138.411,150.869,147.581,133.025,160.456,139.331,182.711,183.587,167.412,158.166,163.037,149.863,136.13,165.013,174.111,171.023,172.251,180.628,170.73,165.811,166.745,193.541,176.788
0,0,151.73,1.41355,16.4562,166.389,116.651,168.783,109.353,125.822,118.978,131.534,124.142,142.162,108.711,170.005,112.744,126.798,136.102,142.486,165.022,151.984,163.278,174.618,152.915,165.493,146.384,173.303,131.674,149.564,160.892,138.368,144.191,147.995,140.371,158.181,176.638,133.059,144.861,143.988,145.43,196.006,179.896,183.247,181.328,155.192,144.277,126.299,183.934,159.682,167.193,133.197,152.261,165.522,153.701,140.191,184.065,152.66,160.996,136.118,173.476,123.073,160.879,144.89,151.159,191.973,152.999,134.641,128.278,150.298,163.75,181.477,130.865,156.265,152.861,151.82,170.594,149.214,157.982,145.571,169.099
0,0,143.752,0.366045,24.0372,157.881,133.568,135.4,126.228,108.099,183.282,138.02,133.31,165.493,150.132,150.801,140.465,139.275,114.13,135.826,128.911,131.177,161.733,144.147,127.562,148.796,168.863,162.196,142.61,162.354,122.022,127.866,104.976,174.611,123.817,90.7831,194.924,111.376,169.922,168.498,152.548,127.242,198.79,110.927,158.452,144.252,149.154,165.202,158.729,162.709,208.32,112.444,160.022,127.127,195.617,136.402,130.735,141.971,149.876,151.367,162.314,154.509,132.754,166.732,137.378,129.276,146.731,152.528,158.299,155.929,161.093,141.851,166.626,113.921,167.712,159.565,150.485,138.973,143.857,114.824,129.68
0,0,100.349,0.273874,2.83344,98.886,100.446,95.1416,95.7758,97.7216,101.366,93.6589,96.3859,97.5604,96.6178,104.247,98.3959,97.3487,100.656,97.8965,101.633,101.079,99.3151,98.6061,96.4971,101.648,97.5145,98.1705,102.632,101.319,105.83,95.8916,98.4526,99.3795,101.029,100.472,96.381,98.3482,97.8517,91.4843,100.498,98.3657,100.176,102.569,101.417,99.1257,105.643,100.681,101.13,95.9808,96.4004,97.9325,97.0309,97.4198,100.898,104.316,103.91,98.6547,100.641,102.802,102.108,99.0245,95.2159,107.022,101.069,100.902,105.148,103.377,100.854,101.381,105.522,100.448,104.149,98.0924,101.116,106.159,100.846,105.078,104.678,107.273,103.905
0,0,96.5854,0.400836,17.4682,115.961,60.1526,91.2514,101.928,106.979,110.868,105.258,70.9467,78.1454,78.1891,107.485,93.5524,102.097,101.604,80.0972,96.4609,78.7249,111.265,93.6804,115.347,98.2109,85.6651,107.612,91.906,116.841,75.7514,101.445,103.714,69.054,109.554,87.4575,82.2598,116.188,105.683,84.5525,115.33,110.021,106.365,86.3581,71.7219,86.8486,86.4563,109.961,94.0036,81.5174,117.678,79.5487,128.888,114.108,85.5145,111.85,108.601,58.9446,78.8208,98.428,52.3045,86.5646,104.981,99.2542,85.525,88.6306,95.258,91.9552,111.233,104.604,117.162,87.8832,81.3067,132.77,115.249,115.357,99.4047,111.507,89.629,125.457,104.136
0,0,101.424,0.316959,28.519,74.3089,84.8338,82.5539,101.612,105.344,85.4142,101.035,84.8603,86.7785,97.1509,91.7135,128.801,132.064,77.8171,114.024,151.772,86.5681,77.5384,86.6258,55.4442,81.7376,114.969,104.684,80.127,118.829,82.6972,122.06,48.7374,98.081,149.316,23.8449,92.982,88.428,99.2668,109.893,67.3925,100.367,69.368,82.3723,78.2457,86.1091,47.3678,85.4864,106.383,150.575,130.361,140.842,65.7715,78.1146,101.89,98.2417,112.548,73.3898,83.1097,139.684,141.378,70.7713,79.1675,95.6811,127.276,85.6966,119.744,118.346,75.2267,69.8837,114.328,145.171,112.88,97.6048,60.6658,147.659,105.75,87.0205,92.8331,107.286,95.8748
0,0,106.778,6.22688,42.5627,35.6945,80.388,61.0537,145.368,67.7363,59.1934,28.2711,12.6405,8.93455,5.7463,186.997,146.724,21.1172,112.673,41.9412,96.8856,77.2132,79.7594,129.998,112.203,91.7266,47.2391,74.6448,45.6607,98.7088,85.4676,91.296,76.5573,84.4788,112.825,101.745,38.8288,105.761,97.8637,40.264,123.318,111.66,106.841,149.674,67.044,162.316,69.6686,164.457,89.3916,137.998,182.808,175.76,138.71,137.731,122.123,122.814,60.9972,156.195,159.446,201.098,219.772,97.1199,118.076,110.625,161.281,151.214,126.108,123.009,47.1011,175.839,161.094,157.311,138.732,159.067,180.678,131.946,188.377,134.108,130.246,221.655,130.077
0,0,73.3784,1.70025,12.0886,54.6206,50.1445,59.6147,94.1825,47.5549,61.3174,84.0589,56.4898,59.5469,77.2899,62.3747,68.2634,52.9039,60.7,65.7674,60.3862,60.3214,73.9817,81.5714,55.2391,66.8856,62.3299,49.2698,67.0089,60.7756,65.9243,94.9116,56.7356,83.5289,72.4204,88.3721,70.2784,70.9282,83.7235,84.8092,62.4705,83.7106,60.032,53.9963,72.3608,75.6318,66.2479,89.5962,75.4371,73.0879,31.2353,75.8313,81.1743,109.996,57.2958,90.9517,72.843,59.6391,101.245,75.0936,93.6395,99.7735,77.6022,80.0218,80.7516,72.0539,83.6442,81.0986,82.0329,68.2247,83.3226,85.3974,78.1799,76.2306,83.6068,96.1675,81.9438,80.6836,94.5312,91.7849,107.178
0,0,105.284,2.90865,48.9882,75.3301,124.187,65.9699,93.8333,104.894,119.87,39.9713,73.0652,93.2761,89.9395,124.023,122.821,94.3044,11.5071,133.777,72.7536,93.1064,31.8005,93.4442,71.2626,51.8013,69.9853,101.949,157.018,102.476,72.8652,119.089,158.149,44.0021,153.895,113.79,127.663,91.9813,102.861,108.878,127.096,77.9013,47.0364,95.7605,120.286,83.9532,150.314,170.013,152.367,94.019,194.556,166.494,79.3288,75.475,68.2972,87.7323,156.155,185.876,113.416,138.732,94.9947,157.606,80.6421,120.447,122.401,106.989,112.032,70.2952,53.4614,24.1609,39.1141,152.828,161.96,182.8,86.4968,133.552,93.9166,158.31,74.977,81.1656,215.333
0,0,108.808,13.259,5.17308,20.6452,15.6772,19.438,17.4119,24.6675,29.2203,27.2507,29.7403,37.3427,38.9716,42.2857,40.708,53.5993,57.0851,51.8759,58.6809,57.3232,68.8296,67.0528,63.3059,77.865,66.1484,68.8425,80.3962,75.295,86.5598,89.8262,93.4712,94.2987,93.9955,100.474,98.713,102.909,95.3749,104.771,111.297,109.738,116.539,109.207,113.634,141.643,126.706,127.886,131.748,129.789,137.624,132.87,133.288,143.754,144.595,154.624,148.116,154.743,152.784,150.835,163.662,169.011,154.425,166.939,180.147,169.931,184.07,179.837,186.221,179.962,184.925,190.819,186.087,194.32,198.291,206.665,202.932,198.741,206.012,210.04,207.307
0,0,133.607,2.99394,7.45725,117.492,103.954,114.505,117.359,125.318,121.404,127.43,110.776,113.478,121.421,119.093,121.725,123.044,113.024,113.622,127.729,111.368,119.988,116.201,106.496,131.449,124.592,128.227,120.392,132.074,132.744,128.728,121.468,124.489,134.301,127.59,128.21,132.734,136.393,143.584,134.277,142.191,137.681,148.913,127.314,133.286,150.899,143.754,150.333,139.812,143.604,147.135,133.092,135.07,143.511,135.214,150.764,157.975,129.565,147.64,134.891,153.268,147.323,158.653,151.528,147.741,154.786,145.298,147.244,145.114,154.859,160.503,159.94,145.118,148.232,135.006,159.022,161.071,160.05,152.907,153.943
0,0,92.9831,1.40828,3.65268,79.807,84.4936,79.4778,83.4293,90.2659,93.9014,83.9581,85.7291,86.8619,86.3198,84.1885,89.1418,86.392,84.0779,93.078,80.1786,86.1872,85.6739,90.2069,95.0391,91.015,89.1214,90.7732,82.5207,85.1683,88.2016,89.1122,89.7081,90.7581,91.9104,88.8911,93.59,89.2949,92.1865,88.0905,89.8593,92.0493,91.2401,94.7107,93.7217,93.1142,87.3069,94.4841,99.8514,105.574,90.8399,91.3124,95.6749,95.8677,98.0769,101.542,104.648,101.666,90.0317,98.122,96.3674,98.9703,99.4678,100.636,98.9669,101.871,101.162,94.5697,101.169,97.3728,102.298,102.641,99.2145,97.7809,103.613,97.949,98.0768,115.741,103.005,102.059,109.186
0,0,73.2362,0.259667,61.0444,49.0361,130.646,96.7976,100.977,91.9302,157.241,-13.4126,104.09,46.9332,132.269,53.4981,108.91,105.378,151.084,167.903,42.7076,89.3187,-44.1506,29.9795,112.644,30.2117,135.423,43.4891,101.257,113.352,5.45933,-37.6697,-9.11637,249.439,-21.2443,103.445,58.3042,68.8381,98.2265,126.54,147.93,43.2009,35.7622,70.2206,82.1451,64.0969,112.256,103.26,145.143,110.444,16.6416,102.331,216.364,202.815,47.8573,9.40672,129.835,173.35,38.7059,75.0046,74.5977,85.1838,164.273,29.893,34.6248,118.397,152.379,20.763,11.5588,79.113,102.325,94.748,193.775,36.308,68.5861,59.9291,86.7017,128.415,35.3626,158.907,142.693
0,0,116.539,0.263614,31.4219,114.734,131.314,140.41,134.868,162.644,57.7422,149.538,53.8549,108.844,116.446,116.92,116.153,176.646,100.299,93.7582,145.208,179.79,169.079,83.2454,152.343,118.639,121.452,135.423,143.559,157.27,169.828,146.901,115.635,134.497,103.769,137.223,173.786,81.8329,133.941,72.8484,112.711,104.263,163.381,142.821,119.075,174.826,144.512,142.151,70.9461,92.416,134.925,86.7963,82.9957,124.474,101.452,158.568,144.523,121.14,174.093,132.669,119.293,68.5364,138.714,101.728,117.341,107.853,129.012,79.1509,82.3223,123.668,103.091,96.5271,66.7722,153.003,118.544,178.238,146.009,105.111,150.649,121.007,99.9631
0,0,112.035,0.907368,5.05305,97.4073,104.431,95.9503,104.999,109.528,108.721,109.716,107.52,98.6184,110.453,103.653,103.786,101.233,103.767,110.499,107.559,105.122,99.1674,103.993,110.819,105.692,112.476,116.385,101.998,109.48,105.711,119.233,111.847,113.886,109.959,108.596,110.958,115.338,110.802,115.491,111.809,112.103,110.077,114.469,112.97,113.109,117.514,114.193,105.97,122.973,118.768,117.738,118.328,121.002,113.7,109.506,116.412,106.197,110.152,110.496,113.687,115.251,118.453,110.272,114.611,111.926,111.964,121.48,113.367,123.245,118.522,111.005,114.171,118.669,115.671,113.159,108.836,120.761,122.752,116.648,122.065
0,0,110.755,0.747339,2.26788,109.458,105.807,103.169,103.52,103.463,107.882,102.239,103.051,107.89,108.692,106.546,107.444,106.901,107.568,107.587,105.004,111.53,109.07,108.143,108.77,104.418,109.855,108.56,106.957,113.121,108.035,109.709,106.292,111.856,107.363,105,110.576,107.231,112.969,106.718,111.634,108.595,110.381,111.113,112.942,113.971,107.404,112.957,110.565,110.701,114.186,108.494,114.864,113.596,111.814,110.975,111.696,111.743,107.819,111.808,116.179,114.009,114.279,116.5,108.162,114.852,113.481,111.763,115.707,117.569,117.89,113.673,117.201,117.665,113.918,113.221,115.323,117.435,119.435,113.187,115.016
0,0,113.854,1.69592,17.1862,112.619,96.287,95.2925,106.032,103.845,87.4274,122.121,103.931,107.941,121.965,114.537,115.66,100.061,114.898,130.458,108.958,105.83,97.5516,77.0732,130.924,74.1596,96.3627,119.14,135.994,137,135.017,147.181,142.866,114.382,104.405,105.077,134.258,118.871,118.207,131.373,124.587,120.879,121.464,117.848,121.152,115.905,122.096,118.227,117.8,114.553,112.108,126.536,128.365,130.566,132.607,106.978,127.041,128.233,129.329,124.49,100.235,130.986,111.895,116.653,127.531,102.889,131.643,115.237,136.216,141.545,115.582,134.115,108.241,124.027,113.754,140.542,87.605,152.424,96.8062,126.978,111.453
0,0,113.958,1.08757,9.99847,115.345,93.4087,96.9783,93.1967,94.6262,106.412,124.402,108.843,107.72,119.461,126.813,115.914,117.213,101.352,114.395,95.0251,106.15,100.479,122.413,103.974,113.551,105.248,134.651,111.325,102.118,117.93,123.275,115.085,111.177,90.1322,125.063,114.134,140.467,114.238,110.453,89.5564,105.011,114.043,105.76,97.4951,114.32,99.085,112.044,130.677,110.278,91.7539,91.7863,111.035,118.63,132.323,120.735,122.89,122.402,111.584,130.744,133.244,130.31,123.181,115.95,111.457,118.203,118.935,122.475,102.112,127.799,111.453,137.283,134.152,113.987,111.544,105.1,113.826,127.521,109.367,133.36,112.098
0,0,108.174,0.478326,7.21415,108.622,103.825,106.428,100.024,109.295,102.86,114.931,110.243,105.041,107.152,103.272,113.361,97.5361,93.6164,113.047,105.771,108.449,104.184,99.7162,107.299,116.417,114.202,105.09,112.349,117.439,114.755,117.485,120.223,111.518,111.226,100.63,113.219,116.121,113.757,115.066,111.664,98.9742,109.127,94.3343,116.554,110.12,114.591,106.297,118.024,108.715,118.407,114.041,102.272,100.443,114.374,106.973,119.082,106.402,102.616,104.543,103.731,112.932,107.828,108.804,117.901,108.303,104.691,113.122,120.853,118.092,106.595,102.3,112.976,117.703,103.457,104.965,107.42,116.695,102.831,108.554,104.855
0,0,93.2308,1.78726,7.08179,89.9155,89.6394,83.4286,85.068,89.4194,76.5353,76.8929,74.4745,81.7849,83.1296,78.0812,87.3757,104.905,80.3765,84.026,85.7395,87.416,75.3959,94.5628,61.5206,86.8448,89.2636,92.8889,88.9838,82.901,88.4086,83.9728,99.3913,88.5084,87.301,88.9901,91.7074,80.8574,109.239,104.096,100.106,82.9344,103.985,90.3315,90.8712,100.24,100.303,96.3262,91.2759,116.917,96.5908,98.5838,95.9176,92.6897,100.277,98.9491,96.8505,88.2145,98.2117,93.2964,103.549,102.803,95.0918,106.283,105.564,98.7605,100.965,91.4939,114.591,105.858,104.753,111.994,107.097,104.002,98.5961,104.914,99.2688,108.45,94.3162,118.626,108.237
0,0,98.5338,1.40133,18.03,80.7108,104.118,93.6688,83.2381,101.277,72.3996,109.463,64.0267,89.5854,73.3339,81.3257,127.326,136.387,91.9598,84.1005,86.731,92.3972,129.043,94.059,101.718,69.3076,94.7077,87.921,86.3451,121.767,127.833,95.8509,57.8074,83.0551,89.5521,97.9117,105.455,88.0007,90.6119,119.363,114.084,97.8181,79.807,81.8121,100.229,78.4256,103.314,138.159,88.4999,126.86,104.016,71.9787,94.3846,100.476,125.093,92.0075,83.7898,109.356,111.834,102.506,90.5343,108.158,87.9647,73.287,103.593,128.359,89.7487,112.383,120.431,91.7412,132.821,108.135,98.0463,79.9212,80.2379,103.846,100.656,95.9359,111.059,109.884,100.463
0,0,59.753,0.19183,28.4237,35.5662,32.4958,111.288,85.2619,74.3441,33.5896,111.116,83.8081,73.649,77.1201,49.2651,89.7098,67.488,98.8879,83.7559,84.6835,100.377,75.0955,78.8896,82.7592,26.764,117.699,85.4817,79.5603,13.1501,51.5133,24.5766,42.6381,-21.8949,64.5798,15.1255,92.1233,101.444,101.819,64.7386,52.2373,88.3415,86.4729,43.3059,25.0177,87.2924,81.8076,50.1038,107.809,58.3987,122.391,79.9477,35.1841,94.2325,80.0781,50.6617,48.7067,37.5341,90.5143,64.4781,65.9265,28.6772,63.9753,45.2608,113.973,49.0182,69.8411,67.9369,51.3035,61.3066,21.5434,49.726,81.9237,40.5536,31.9884,57.1312,87.8328,89.3806,56.2175,50.9932,52.7746
0,0,105.012,0.925328,39.136,153.752,119.723,144.212,101.821,85.1742,125.339,73.7316,22.6356,139.095,76.0387,112.145,81.8617,90.0156,107.266,109.955,189.932,163.499,107.647,123.645,134.58,89.6066,110.106,81.5455,88.7829,127.111,199.717,139.043,169.967,119.781,136.61,172.959,82.5838,71.2733,98.753,62.4982,81.3903,100.586,53.6831,66.4736,128.5,52.7576,150.962,123.424,70.5548,120.35,84.9675,50.92,179.065,133.596,116.021,95.8123,134.977,139.936,90.676,81.8576,105.508,94.9472,105.824,67.0395,101.439,119.682,114.123,182.623,145.369,144.878,134.208,167.5,87.3939,126.081,46.1029,142.784,135.533,114.034,105.569,79.8533,84.2239
0,0,113.235,3.14296,15.9679,80.263,82.8898,88.1832,89.5831,77.5381,100.85,83.1064,93.4531,127.908,104.615,98.655,100.479,98.5381,114.149,119.092,67.7911,102.055,98.8978,102.674,121.189,97.3609,113.933,94.9634,126.774,97.0462,113.384,105.337,108.887,88.2997,105.061,99.6932,122.689,89.0452,83.6677,104.84,121.847,132.539,92.3014,99.497,96.8202,93.8195,102.19,129.706,140.637,138.227,123.659,120.16,120.39,114.03,99.2457,158.34,128.643,147.829,104.529,120.767,122.138,142.257,124.1,110.991,104.633,118.79,125.099,121.022,125.774,116.685,145.952,125.169,145.044,128.796,118.997,83.1853,148.89,146.372,161.399,107.576,126.342
0,0,128.621,0.465053,1.75574,125.31,127.966,127.365,124.694,127.541,126.118,126.709,128.704,127.446,125.984,126.555,128.419,126.88,132.042,130.577,128.096,129.168,124.66,126.302,127.23,127.81,128.355,125.87,124.994,130.243,124.212,126.982,128.884,127.811,127.544,128.997,128.123,126.921,129.484,129.396,131.975,125.914,130.03,128.749,130.565,128.647,126.978,129.472,130.992,128.703,126.861,131.273,130.127,130.08,130.964,130.018,127.324,134.723,131.018,129.858,132.717,130.405,129.165,128.469,131.786,132.5,134.525,132.969,130.047,132.172,133.877,134.454,131.84,131.61,126.934,132.968,131.935,134.837,132.327,132.175,130.572
0,0,155.862,0.52051,4.48266,147.898,155.621,153.61,152.858,151.348,160.388,154.747,156.334,156.007,151.351,151.039,151.085,160.33,153.087,157.08,148.166,147.207,157.278,151.08,149.521,153.821,154.359,157.636,150.444,150.713,156.637,146.941,156.274,150.391,161.876,158.734,156.879,158.807,159.041,157.531,152.632,165.153,161.167,151.016,159.958,160.035,154.098,156.183,148.911,155.034,159.514,154.136,159.356,153.332,158.537,157.353,154.836,155.018,165.527,160.787,157.199,154.625,161.316,154.491,162.184,160.967,159.024,163.16,160.418,154.579,152.827,159.56,158.719,153.946,165.876,158.492,166.44,166.39,153.822,156.931,158.216
0,0,143.308,1.3826,14.4227,126.094,112.301,139.803,160.377,130.259,130.706,154.941,117.319,122.523,120.059,137.624,165.197,149.508,133.468,110.435,132.458,156.955,136.336,147.776,117.624,121.489,128.268,137.791,115.348,144.05,154.447,133.175,150.666,153.51,119.719,158.256,168.232,140.45,148.546,137.016,147.441,165.512,121.291,142.432,142.22,139.441,133.279,137.273,144.308,156.424,146.983,174.899,123.146,127.809,164.263,136.055,161.957,148.491,138.126,144.903,164.12,168.043,137.058,173.481,140.313,158.496,138.55,158.009,158.675,140.779,136.028,144.29,122.34,133.188,158.113,128.846,152.837,152.991,163.513,159.545,161.565
0,0,113.748,0.143302,6.66419,115.663,113.455,109.525,105.222,113.679,116.503,116.932,118.235,113.977,117.105,108.459,111.733,113.431,120.327,107.144,114.11,115.626,115.161,104.441,122.185,120.095,107.967,97.3619,115.652,102.181,109.076,124.967,112.977,106.362,107.577,122.284,105.01,120.591,111.12,117.411,109.187,112.638,117.483,102.235,128.477,113.336,107.794,117.264,113.758,112.832,116.359,111.52,121.028,111.557,112.349,125.386,122.344,129.1,110.387,116.376,108.412,125.217,119.748,113.452,116.872,113.452,117.326,108.283,121.273,107.931,104.717,107.066,115.124,115.709,110.327,111.531,117.765,116.436,110.608,108.804,120.69
0,0,97.4348,0.775184,3.50243,94.4228,94.4533,92.435,89.0758,91.4839,92.1218,93.1925,84.581,91.0965,96.2256,89.8118,95.7132,96.6487,98.2284,94.9183,89.8931,90.5682,91.0046,91.5587,92.9015,101.43,100.09,93.1843,97.203,94.5531,99.7482,95.9727,100.73,98.678,94.7531,89.6452,101.958,99.204,92.7528,99.1842,99.7031,99.7677,99.1025,95.2832,103.573,87.1657,95.6365,94.2375,104.095,107.345,99.285,87.5253,97.216,103.864,100.967,103.159,100.102,100.112,100.963,105.776,100.666,102.155,100.876,104.376,99.9949,93.7618,96.7166,97.3275,100.607,104.408,100.041,98.2505,104.069,104.747,100.857,99.5759,103.921,99.7599,106.651,108.613,109.839
0,0,88.0005,1.99779,41.4472,81.6384,113.805,74.7803,41.0513,49.4075,81.1444,43.8281,12.6688,50.348,99.4782,59.4928,131.662,36.4816,55.2699,125.775,20.796,76.091,93.2299,142.908,115.094,24.0288,69.9698,108.275,100.959,118.852,7.01722,79.502,15.4819,112.996,113.564,129.61,53.2147,79.4324,123.219,86.5817,134.823,195.001,67.4814,41.1376,77.1525,94.8587,22.2553,136.016,153.335,56.1132,156.158,92.2449,99.5085,47.5638,72.7129,92.2873,133.495,110.279,34.3134,77.2325,125.948,57.8262,85.2618,92.629,79.2366,166.128,143.372,2.65127,2.75845,161.067,103.989,99.1685,42.7982,101.141,27.9885,111.973,49.3839,117.789,118.431,139.069,157.01
0,0,91.099,0.264865,50.4894,-44.97,95.0451,44.2613,110.051,88.9903,99.054,121.94,94.4479,125.119,87.7203,95.9829,101.864,136.82,116.476,148.32,18.8507,13.8667,-35.4097,88.0735,47.808,109.392,40.9765,23.4183,38.6319,65.7921,59.4849,71.4828,214.557,48.7207,48.2596,106.155,161.509,57.4595,105.134,109.949,158.171,127.308,-8.52083,143.267,85.0525,115.873,117.276,163.972,99.8929,114.027,35.3857,185.659,111.169,52.517,91.1047,54.0691,6.5606,97.4995,24.6734,11.5844,47.7666,162.489,144.858,9.4238,57.8265,128.202,69.8829,23.1603,87.0923,94.2749,145.607,85.9773,91.7798,91.2816,186.745,18.7117,91.0414,62.1647,137.686,138.56,157.844
0,0,127.866,3.64349,43.2248,68.1503,91.9474,196.907,121.967,131.34,179.794,97.41,94.7646,165.933,50.3173,105.13,129.422,136.152,175.143,85.9092,141.181,115.1,133.447,139.095,85.0121,13.1976,95.4136,164.589,94.9233,132.319,108.283,61.4245,161.938,178.114,95.0306,133.461,149.351,95.4978,125.565,63.8682,116.444,164.037,61.3083,129.788,39.3798,155.088,62.2768,144.56,139.746,149.632,181.552,104.074,83.2132,136.003,121.091,247.212,157.888,157.193,183.429,163.86,71.5838,86.6765,166.705,116.461,170.239,98.4368,79.7529,116.322,103.031,155.651,172.27,166.326,193.343,89.809,137.535,180.208,186.046,90.8724,215.916,204.636,207.803
0,0,88.25,0.174396,40.6653,119.71,61.2174,122.247,89.4787,95.6654,82.3293,87.4972,125.382,47.1684,108.319,73.6828,114.647,58.0767,97.3574,138.57,77.0463,122.466,52.5485,101.862,55.8509,68.5045,88.0549,68.0212,97.491,101.551,-16.0946,120.315,0.8483,126.526,127.238,90.6149,66.218,89.0789,129.934,102.704,45.5573,92.7232,56.0488,97.4991,117.169,68.3972,97.5921,27.4706,21.1301,26.0349,73.4229,98.9244,137.043,76.4838,17.799,101.417,101.149,64.9541,112.902,79.7923,131.461,71.4391,169.437,40.2812,123.988,81.7013,130.757,100.355,153.075,105.485,133.421,135.283,112.434,41.5321,143.457,106.449,11.9529,-2.40632,30.574,99.2158,92.1972
0,0,117.915,2.25542,40.2869,120.534,81.6289,88.1731,175.747,56.5076,96.1551,80.5631,106.385,19.4082,190.17,103.882,133.087,147.565,113.634,75.659,81.8613,72.7092,84.1657,83.0849,113.872,125.898,44.929,147.583,188.711,120.029,159.473,135.166,117.26,102.489,138.257,114.29,100.395,123.737,151.62,113.384,109.166,30.4717,54.0806,112.968,174.68,120.182,114.122,88.4075,94.122,183.855,107.459,147.413,70.6041,138.596,125.176,156.844,9.18176,61.5011,110.935,167.48,99.452,171.292,99.9156,96.9195,117.692,125.771,107.333,162.226,155.905,116.41,69.7576,118.993,190.063,55.5933,67.9128,214.454,122.762,83.4834,182.31,52.7977,138.419
0,0,76.3901,1.3101,6.0017,60.2574,68.7968,67.42,64.938,66.1636,68.0603,71.163,75.5258,67.8861,68.8317,62.6251,71.3398,80.1215,68.2559,71.1693,65.1968,66.4374,72.141,79.2286,70.6417,64.9806,74.2154,66.5126,66.2502,69.2536,76.4993,84.7994,80.3186,76.0467,80.4237,74.118,74.3851,74.6205,71.1498,75.8161,75.2294,71.3297,72.2035,77.5286,75.7732,75.0941,79.846,72.834,82.6408,83.727,81.2306,83.3344,71.5505,74.0603,84.0615,75.6103,76.1035,81.9402,80.6348,80.8737,90.6151,80.9013,83.2137,88.4086,84.4681,75.5459,79.2163,77.2747,79.2958,86.566,81.3812,92.7194,92.1404,85.8999,81.6898,78.7398,80.688,86.5738,81.0676,90.4881,88.86
0,0,133.237,0.313146,10.3609,118.106,110.828,150.106,133.134,121.382,129.195,136.073,125.104,133.825,138.403,135.818,137.462,133.446,132.639,122.729,122.457,134.69,125.361,114.445,141.032,122.832,136.715,128.637,139.729,138.652,117.433,130.367,127.426,141.015,107.707,114.785,144.094,136.04,118.2,127.125,114.284,149.036,147.446,136.904,131.994,126.748,119.883,128.864,135.84,146.338,137.339,144.44,124.123,153.588,133.205,130.913,136.49,113.933,148.945,143.801,138.244,157.392,132.656,129.696,128.936,123.451,127.515,137.874,136.567,147.205,140.779,135.352,134.981,151.111,116.327,134.643,153.951,139.541,131.453,130.052,138.23
0,0,89.1377,5.42441,3.83067,49.2106,54.1686,50.2559,49.238,57.7123,54.898,65.3745,58.0563,62.663,61.1937,57.7409,64.9472,65.4148,66.0706,64.2851,61.3638,67.7485,68.4944,74.3855,77.8766,68.1373,67.9646,77.0599,74.3516,80.1553,75.5773,74.6568,71.4889,82.1658,83.1331,82.4071,80.0814,86.3069,84.3444,96.3378,95.1411,84.3589,90.4291,96.9455,97.9707,97.8285,90.6709,97.3385,94.4192,106.969,101.336,98.115,107.505,106.45,108.181,109.026,99.2973,114.342,111.44,113.312,102.958,107.047,111.636,106.567,116.045,116.815,117.298,119.757,118.287,116.697,124.602,125.896,118.424,133.046,130.938,128.87,133.483,132.878,129.989,128.075,137.096
0,0,96.651,1.53774,5.32358,92.63,82.2355,80.7159,84.7371,89.981,85.3627,89.3255,95.43,97.1338,80.1725,80.0353,85.1604,90.3809,89.2663,97.065,91.1892,95.0631,81.8725,97.5899,82.6243,86.9231,91.582,89.818,88.0201,87.0558,95.041,88.4537,94.4982,98.8334,98.4818,94.4701,98.1671,98.0198,95.0778,100.685,103.299,94.8295,101.84,99.1052,101.479,108.976,99.7012,96.4555,102.143,104.172,97.6268,106.646,99.8591,101.348,100.452,111.181,96.2492,103.158,96.3629,96.8594,99.9428,100.293,106.304,102.092,91.0767,98.286,109.056,113.162,104.37,100.71,106.956,109.953,95.0948,105.035,96.4622,108.528,110.113,112.482,107.523,103.537,96.9141
0,0,77.7775,2.41209,9.20479,61.1248,56.0427,41.7521,47.9972,75.7274,67.3007,58.3299,72.3758,63.0956,61.2563,69.062,62.6668,62.2938,66.7822,62.5289,62.9258,65.5732,92.5018,72.7813,77.7103,44.2087,62.6958,75.619,67.0398,64.6435,93.55,85.9233,78.731,94.7482,79.1016,79.9212,65.1538,78.8088,89.528,66.4111,84.3704,95.5408,83.9288,76.0892,71.3679,74.1886,90.3078,95.9741,80.2891,83.6369,87.2115,88.1612,68.7976,86.953,81.4779,68.161,103.82,76.8319,90.08,64.0865,104.488,89.8315,99.2422,88.6985,69.9832,90.2372,96.4564,98.1971,82.4014,81.496,65.8147,89.0528,110.869,86.5714,104.481,98.3535,104.44,105.519,93.0447,95.4356,120.075
0,0,115.676,0.144983,66.6083,6.09828,246.227,176.343,-21.48,31.5351,124.004,139.408,183.963,-48.1907,101.019,236.917,134.594,61.0817,189.844,145.001,203.727,47.3841,174.519,-5.31096,59.1811,256.115,40.169,124.637,103.958,47.253,207.213,150.137,-74.553,82.5498,-39.0191,135.367,142.931,181.478,176.669,-51.2395,238.215,47.6924,110.148,68.8765,83.6147,212.578,67.687,-3.48884,123.918,129.329,166.716,104.133,124.297,63.8452,90.2618,113.226,177.874,161.943,124.222,77.4977,45.6076,167.523,181.112,176.912,152.749,81.752,122.406,137.102,198.665,45.0577,86.079,118.859,-20.118,162.629,261.596,70.4526,59.3598,170.464,93.2463,245.864,158.121
0,0,114.263,2.21377,49.3112,101.106,83.3676,82.7841,90.2208,114.04,193.066,52.8278,53.9176,170.169,41.1463,110.112,125.445,17.8065,48.157,224.154,93.9609,124.346,58.4707,54.746,30.3597,66.8272,130.236,49.4407,84.6561,72.8062,104.52,101.101,156.99,164.203,84.5815,130.714,48.597,127.68,51.463,206.516,58.655,154.545,139.849,127.226,2.68622,124.597,173.483,147.647,158.044,132.149,48.4691,178.634,17.5049,79.9555,73.2132,104.427,196.341,54.8792,123.078,37.3381,36.4755,108.401,113.071,103.243,110.294,174.075,113.564,121.738,206.075,181.305,180.031,56.6399,211.73,165.529,89.7531,140.666,159.543,-7.02326,91.1433,70.6225,76.1676
0,0,104.661,1.2411,13.1421,103.292,78.6522,92.8296,90.0073,97.1111,109.759,102.767,99.5645,88.0398,104.701,99.3923,102.18,85.3971,87.6528,87.7051,59.8048,101.566,105.14,108.842,85.3487,110.945,89.5807,105.393,92.5903,98.5628,95.6965,88.6559,115.411,89.9593,109.342,95.5124,133.946,97.5015,90.0029,93.2543,134.669,100.713,113.146,106.097,82.744,122.492,119.915,107.187,105.849,108.313,97.3593,109.607,132.611,125.157,110.309,101.667,112.08,106.203,133.746,115.517,93.5858,102.162,102.02,112.615,87.2041,99.5969,111.881,103.641,108.446,125.559,123.097,112.031,136.547,107.051,110.846,91.4942,113.126,121.469,117.132,92.6911,112.995
0,0,143.116,3.18497,20.6224,113.074,128.279,106.477,103.673,85.7373,142.935,118.582,118.238,124.839,127.833,128.559,90.2137,117.824,138.996,147.2,156.558,105.351,136.258,132.606,137.449,133.561,144.104,129.008,131.611,137.698,167.932,154.602,120.625,151.796,112.614,145.258,136.342,169.941,159.098,154.252,160.961,159.036,139.211,136.678,150.572,159.37,115.08,137.608,152.056,146.742,136.385,197.986,186.132,169.413,117.765,138.38,154.067,151.236,146.579,185.812,160.639,148.797,147.737,151.656,143.452,177.76,188.939,154.232,159.875,238.015,138.409,157.166,141.137,147.998,192.815,175.334,138.704,138.23,173.911,158.318,182.721
0,0,114.621,0.56015,21.0898,108.941,98.7742,86.8012,153.101,105.334,115.733,119.873,85.4294,91.4139,138.352,112.295,133.3,97.2211,161.135,114.755,84.3329,132.265,129.72,135.183,80.3443,83.8631,120.979,123.596,136.152,161.058,87.2386,134.961,141.055,153.718,150.559,122.917,98.6894,115.558,134.516,82.5892,131.255,119.107,124.646,107.693,126.414,131.112,107.25,113.938,106.341,152.903,106.873,124.645,114.01,110.948,93.5654,129.587,122.921,137.932,133.498,114.312,115.212,145.734,94.5403,99.8712,154.554,118.909,116.566,101.031,79.2567,106.029,117.935,138.771,136.313,118.341,128.834,112.201,120.275,97.7193,102.345,78.2947,149.459
0,0,88.0156,1.89221,55.6534,61.4026,136.498,-8.70423,28.3395,72.959,104.196,17.1964,155.42,43.858,203.756,1.09393,32.9897,149.46,60.9864,26.2719,5.61179,-30.4637,96.2493,113.556,59.0317,72.246,82.9665,46.6147,109.348,-32.3043,138.94,39.4314,91.7743,68.7069,95.1145,90.8951,93.5502,98.6052,102.15,67.0976,152.91,118.013,13.29,-32.0992,90.0201,97.3942,27.0785,150.733,32.5217,150.024,29.8176,138.421,148.893,136.013,60.4524,60.794,23.2528,140.337,69.1248,39.5773,54.6276,95.4988,82.4373,37.4473,135.833,131.163,70.0882,80.3876,96.3991,185.037,204.851,109.807,108.874,77.3663,193.408,44.6325,21.4914,46.8336,174.907,60.4357,29.648
0,0,113.335,1.05032,54.7739,120.039,114.253,183.637,122.084,65.1429,130.024,109.301,114.879,86.2322,93.576,127.918,188.841,46.7183,33.6114,123.911,84.6032,55.5972,50.6629,178.073,101.703,83.4484,229.122,65.9454,120.988,119.428,168.208,81.1937,159.331,11.6957,89.8077,126.74,110.212,106.697,46.3788,110.141,155.282,134.852,115.49,206.877,35.4076,104.045,111.293,175.669,145.271,199.747,79.6248,124.045,131.768,78.4265,86.4479,153.317,163.156,175.317,86.8722,210.382,58.1871,136.374,222.53,179.088,264.243,115.419,100.658,107.236,131.973,138.447,77.1356,49.9192,182.762,136.639,124.967,276.781,69.1398,165.635,157.05,103.961,142.184
0,0,118.348,0.969312,0.518198,111.181,111.254,111.408,112.724,111.858,112.871,112.516,112.212,112.786,113.602,113.496,114.259,113.623,115.071,113.672,113.486,114.03,115.359,114.657,115.578,116.329,117.076,115.137,116.797,115.711,117.072,116.727,116.781,116.254,117.289,116.854,117.374,118.605,117.656,116.626,118.992,118.946,117.965,118.224,118.802,119.092,118.659,119.536,120.473,119.926,121,120.155,119.926,121.084,121.145,122.157,122.043,122.058,122.213,121.823,122.121,122.21,122.764,123.098,123.801,123.436,123.147,123.667,123.689,124.202,124.42,123.996,124.239,125.659,124.219,124.757,124.015,125.194,125.641,125.731,126.169
0,0,73.648,0.145133,31.2972,75.5348,56.1864,96.9861,58.289,53.7899,70.0756,62.0576,129.51,80.0193,90.166,36.5894,131.002,78.9726,61.693,108.828,107.277,61.8795,57.3406,85.0567,91.2821,102.044,62.9319,27.4941,25.4328,80.381,37.5942,73.9146,88.5289,66.6272,18.0864,83.6146,76.9106,129.395,89.9092,64.6729,62.8,96.9699,22.6687,4.99042,127.923,24.7581,26.3062,87.7579,76.819,38.1223,74.894,99.4943,131.113,90.8347,47.7135,97.9457,49.0877,47.865,87.0065,95.9618,75.3548,34.8243,89.1662,32.4634,54.2652,120.3,31.8873,112.11,78.4821,45.639,1.34741,89.6386,94.0949,88.756,32.1744,131.13,72.2559,70.0106,70.6111,53.7558,100.371
0,0,96.7633,0.288539,4.55525,101.591,91.8171,97.5348,95.8871,91.1479,95.3406,102.42,97.9704,86.6798,88.8731,96.3296,93.2053,97.1447,94.1587,97.425,93.7074,98.524,99.4799,92.9758,96.1493,97.7017,92.9429,97.4921,99.3352,97.0214,92.132,96.1938,96.4441,101.19,104.173,99.3615,104.754,91.559,92.6037,96.04,93.8333,95.3081,97.5063,90.3038,105.837,95.4972,104.667,98.7027,98.3841,101.197,96.5358,98.0436,94.0486,96.9385,99.2752,97.0574,93.302,98.2832,102.648,96.657,92.7268,91.4676,83.5433,92.9187,99.8251,88.2493,104.789,97.6763,100.879,96.9254,104.004,100.456,99.4161,95.6692,97.8212,99.2828,101.527,94.032,102.313,92.727,99.3674
0,0,110.053,9.44856,1.43194,42.4239,45.6215,50.2808,49.2162,51.4793,51.4872,55.0627,56.5952,59.5126,62.1173,62.1756,67.1879,65.2052,69.1993,72.4278,70.2196,75.0875,75.9514,78.999,81.0807,80.7173,84.2982,85.7141,86.8034,89.1355,90.9522,93.1702,92.2561,96.9276,98.4819,98.9763,102.543,105.516,106.44,107.584,109.448,113.753,113.729,115.165,116.996,119.432,122.922,119.079,124.095,126.441,128.624,130.558,132.321,134.361,136.966,137.601,140.06,140.547,145.652,144.974,145.088,148.321,147.346,152.597,156.282,156.729,158.538,162.561,162.335,163.289,164.798,166.367,170.763,173.251,173.651,174.703,178.707,179.821,181.317,184.149,187.6
0,0,119.827,2.61006,60.5051,73.6002,120.001,199.225,98.9903,77.2968,209.281,190.551,172.356,48.5061,-12.7233,14.5456,138.951,19.7094,183.838,157.779,78.7164,203.118,70.9965,77.0659,137.563,91.9163,172.209,158.37,160.837,44.8802,23.4657,121.487,146.101,110.252,-0.111415,188.346,162.55,-32.3749,171.79,109.824,127.636,131.931,47.6746,106.558,142.328,92.5628,101.721,62.935,92.3281,54.3993,232.311,155.873,51.3788,151.109,117.046,97.3592,83.2519,101.849,113.042,186.351,171.603,161.052,159.401,106.354,116.913,131.353,121.863,148.378,274.263,132.05,55.5334,173.944,175.452,159.378,215.694,192.944,152.925,79.7639,164.94,5.90342,289.26
0,0,125.257,1.79625,9.44091,114.912,117.577,114.935,114.019,94.3959,117.779,100.592,100.02,99.9568,126.324,119.484,118.62,112.209,97.1857,118.198,116.396,127.465,125.821,110.516,124.673,131.103,108.844,120.446,117.467,115.815,127.071,139.089,124.816,113.681,122.032,126.35,102.864,119.364,119.036,132.886,132.26,115.855,118.741,117.023,124.555,141.992,125.951,141.244,118.926,121.403,109.967,135.802,120.34,121.221,132.818,139.817,140.054,128.535,130.82,128.97,139.044,139.801,110.971,148.646,139.179,145.658,136.816,128.857,142.107,119.339,137.461,149.071,119.846,112.385,121.736,130.927,135.158,140.691,148.659,141.116,126.73
0,0,131.091,1.00578,22.241,116.237,136.299,115.341,103.446,113.886,140.46,136.543,147.605,166.841,100.826,153.42,92.6959,96.3089,190.235,130.092,153.822,144.201,136.826,130.227,119.399,107.732,159.112,103.891,88.3881,115.187,132.976,118.822,117.231,141.892,130.156,141.688,152.411,130.608,191.513,99.1399,151.864,122.823,169.264,134.369,136.226,120.002,96.0762,159.136,98.8255,125.394,95.8579,168.238,122.008,173.803,150.316,111.176,142.833,153.606,123.976,106.007,119.895,120.182,142.123,110.065,116.954,121.943,133.498,133.303,193.716,116.402,197.123,110.551,119.005,156.77,133.462,138.953,123.128,117.038,178.902,144.543,78.7908
0,0,94.5313,1.06456,9.10036,81.7421,89.4508,105.571,74.1545,87.0442,84.3907,81.2198,82.3642,94.4497,96.6071,85.9536,96.6377,89.8187,94.9101,102.534,89.8632,102.445,106.771,107.445,96.0962,86.4513,93.9866,100.06,105.747,106.66,97.3285,92.039,85.57,83.809,81.9315,100.497,97.8482,98.1537,92.5284,104.297,98.8239,91.6874,93.8926,94.3847,96.4097,99.7427,89.8782,91.4502,92.5126,102.231,102.543,74.5125,94.9887,114.294,106.312,87.9555,99.5539,93.4336,76.1729,106.499,99.5918,102.672,114.09,89.3085,92.9624,99.4173,107.435,106.785,92.7684,102.815,100.52,112.438,98.8147,102.689,101.2,104.618,103.31,114.141,123.286,102.176,111.181
0,0,152.258,0.841122,1.67071,146.319,146.453,144.454,146.395,148.66,146.039,148.797,148.864,147.931,147.62,146.521,148.316,147.812,150.422,149.24,148.993,149.621,150.143,148.009,151.925,149.592,148.977,150.139,149.966,150.139,151.505,150.622,152.778,150.373,150.544,150.681,153.58,153.485,149.789,150.896,147.646,151.403,155.461,154.995,153.378,155.982,154.284,149.784,150.758,154.893,151.929,154.848,155.448,155.497,153.663,155.867,155.474,155.867,154,154.495,154.19,156.037,156.615,154.571,153.821,156.465,156.232,159.956,158.119,156.333,156.257,159.124,158.491,157.362,158.452,157.245,153.648,161.016,161.527,156.851,154.317
0,0,103.52,0.744234,0.420018,98.557,98.2735,97.6132,99.5487,98.1843,98.9938,99.1574,99.1765,99.2947,99.6226,99.0693,100.19,100.375,100.712,100.215,100.314,100.879,101.002,100.996,101.063,101.069,101.745,101.325,101.378,101.216,101.975,101.291,102.464,103.104,102.724,102.622,103.253,103.252,103.5,103.411,103.406,103.272,103.699,104.394,103.996,103.864,104.729,104.343,104.642,105.038,104.876,105.568,105.333,105.576,105.977,105.795,105.429,106.518,107.066,106.835,106.326,106.804,106.958,106.728,106.952,107.918,107.446,107.937,107.264,107.944,107.569,107.563,107.732,108.635,108.276,108.909,109.583,108.714,109.379,109.802,109.306
0,0,99.837,2.30293,67.1985,112.899,143.482,111.917,159.832,113.931,169.534,72.6586,114.974,36.0528,101.58,149.29,-10.1164,-30.4454,-2.08585,128.261,102.376,47.1036,96.219,84.3596,-13.2333,110.21,92.4507,115.394,157.413,50.7503,110.04,92.061,65.4818,63.8891,3.52001,91.1221,63.2474,53.1724,87.6495,68.9518,-53.3381,32.6024,40.5525,107.582,175.362,133.841,144.966,35.2722,52.1667,33.2677,158.669,79.039,127.353,146.122,120.96,58.3254,147.134,33.0197,163.752,143.55,78.2209,65.993,173.702,81.6743,241.752,63.2134,80.5584,114.387,94.5326,112.408,40.8865,57.1846,34.3893,181.568,122.027,24.0864,161.202,90.8041,181.937,250.408,132.626
0,0,123.114,2.17254,50.044,15.5362,77.5499,79.6283,132.498,32.2554,169.469,98.7959,76.493,165.081,33.8755,153.849,144.727,123.799,183.879,87.3134,67.3622,109.827,85.5949,97.5993,58.7347,247.956,160.285,82.7129,172.725,131.636,190.405,179.181,85.0067,101.573,127.943,64.7302,209.721,45.4134,225.287,80.8095,84.2234,71.8896,143.876,198.059,118.566,59.8507,74.7637,209.844,77.7111,105.49,155.437,114.649,45.9409,161.796,150.818,145.813,142.299,134.689,116.958,-2.72444,155.354,195.435,108.691,129.806,118.43,125.22,150.224,108.527,210.307,124.444,215.778,136.233,137.426,51.6323,124.36,109.001,110.809,168.115,93.8191,151.076,155.108
0,0,140.747,0.304952,8.58531,130.469,138.897,135.615,141.543,141.922,135.062,135.195,140.434,141.045,140.18,139.855,156.734,144.37,136.361,145.383,138.836,137.111,136.813,130.914,121.779,130.553,142.379,139.084,134.882,143.826,143.24,137.286,152.147,126.033,130.406,149.323,141.731,140.286,136.133,143.669,146.718,151.319,148.318,138.856,131.581,139.164,139.446,148.823,136.484,134.586,143.027,146.999,148.452,135.868,147.671,140.513,139.569,140.659,142.402,132.627,144.173,145.298,126.876,145.45,134.39,148.211,160.752,148.236,131.784,145.559,149.499,148.071,156.638,148.822,144.814,144.047,139.044,138.685,159.562,164.068,136.183
0,0,115.768,0.069467,23.8837,111.772,147.791,118.344,84.275,103.202,71.7082,93.7422,69.7948,76.9185,104.449,126.64,127.582,103.22,114.837,91.3251,91.5614,95.765,107.507,105.327,124.321,136.465,79.424,169.38,113.961,101.505,96.1619,71.5458,95.2435,97.3261,132.943,131.707,125.445,81.9078,95.3498,133.449,118.066,135.265,80.2217,112.519,110.912,86.0874,76.0426,139.216,76.3063,92.3552,142.585,125.279,81.5204,86.3756,92.0515,136.874,113.424,119.737,148.349,116.005,135.765,137.967,132.085,96.8637,117.937,119.233,125.456,129.144,102.918,123,97.6666,139.266,123.858,133.104,123.228,87.853,107.183,137.137,129.67,151.456,108.716
0,0,113.325,1.14084,2.7778,100.781,106.041,112.3,108.621,106.387,107.296,107.459,106.981,108.491,107.185,110.633,110.66,109.638,107.428,107.781,107.43,105.946,115.543,110.277,108.815,108.131,107.665,108.363,113.972,110.498,112.417,111.572,112.974,107.088,114.708,111.794,110.669,109.969,113.952,112.552,113.715,113.977,114.98,111.603,118.89,117.531,113.164,114.168,116.982,116.574,116.718,114.652,115.245,115.837,119.171,120.763,117.984,117.96,123.555,119.955,117.997,120.746,119.604,113.118,122.038,120.754,120.732,118.927,123.834,113.789,128.332,117.313,119.528,121.753,126.426,124.029,122.417,122.507,122.817,121.812,126.297
0,0,102.557,0.887847,2.1771,96.4056,99.6229,100.508,100.673,93.4268,94.4025,93.0026,100.865,100.447,96.1893,99.7518,99.0433,99.6317,95.1774,99.2624,101.603,101.276,95.5125,101.001,102.148,100.337,102.485,101.288,99.7719,100.283,96.3489,100.039,101.14,97.9447,98.5656,103.584,102.505,99.1703,101.201,102.798,103.468,103.622,102.963,102.339,102.298,100.266,103.71,100.902,101.919,104.159,105.56,108.269,102.313,105.572,104.937,104.594,106.731,106.976,105.902,103.58,105.946,105.345,106.751,105.386,106.109,112.048,104.427,104.917,110.718,106.221,105.321,105.207,112.559,105.865,111.749,106.497,110.452,108.428,105.916,106.749,113.119
0,0,114.643,1.48037,15.9973,97.2701,106.799,76.7296,74.8154,142.041,96.0605,101.543,87.8469,88.9156,109.272,103.252,103.106,105.094,111.454,119.335,121.662,97.2406,115.021,122.793,102.629,107.858,121.327,106.419,102.92,114.22,100.25,125.444,125.039,96.7003,108.775,126.525,89.3361,119.576,97.6546,103.464,120.514,136.039,91.6266,127.283,115.249,136.819,78.4465,113.103,130.141,98.1363,101.881,147.752,108.841,100.964,126.261,126.114,126.107,122.37,129.721,115.098,129.287,115.115,139.159,133.633,101.169,118.401,142.051,123.884,121.974,144.449,130.175,89.6693,108.326,122.991,152.007,118.662,137.683,106.056,131.462,132.9,105.461
0,0,122.639,0.18302,0.616842,121.615,121.598,120.78,121.578,121.824,122.154,122.27,122.011,120.968,122.137,121.391,121.415,121.765,122.129,122.137,121.396,121.517,121.053,121.734,122.48,121.903,122.172,122.419,122.22,122.383,121.525,122.387,123.008,123.104,121.762,122.508,121.256,122.266,123.285,121.787,122.313,121.431,122.764,122.65,122.774,123.447,123.631,122.955,122.837,122.741,121.909,121.871,123.958,123.486,123.282,123.501,121.573,122.699,123.667,123.141,122.852,123.002,123.561,122.648,123.663,123.817,124.462,121.424,124.087,124.021,123.304,123.388,123.924,123.039,123.99,124.409,124.11,123.161,123.286,123.278,123.771
0,0,114.095,1.51442,19.3768,84.9313,109.208,63.2722,114.148,73.1773,97.5139,98.1789,96.7841,92.5667,105.975,93.3853,105.939,143.794,92.8167,87.7646,137.837,111.779,111.549,114.366,117.845,89.6801,114.696,149.195,109.17,119.858,99.672,91.5875,119.076,129.484,133.245,103.117,112.294,111.375,119.619,111.142,155.496,99.9795,147.511,126.404,100.738,102.81,89.6417,129.991,69.073,126.217,98.986,131.943,116.425,162.916,65.5941,166.522,137.625,106.763,106.25,138.105,125.8,105.419,95.779,97.1329,111.934,151.883,120.184,89.9605,121.612,151.802,125.494,112.234,127.071,127.336,65.4418,135.914,120.014,165.398,147.801,126.346,115.941
0,0,109.726,1.23426,25.3963,79.1869,95.5585,112.054,115.482,103.077,150.608,103.88,117.838,147.205,77.9136,66.9568,120.491,114.957,81.3078,102.333,120.84,128.802,128.068,123.875,110.105,111.809,127.444,100.462,125.035,80.7104,107.23,85.2176,97.6456,93.1176,95.8022,110.961,130.819,138.2,166.335,115.839,100.448,99.5018,99.9006,73.1438,103.425,90.9576,132.254,139.446,72.1499,119.231,142.939,112.872,103.054,145.175,112.872,134.261,118.474,142.908,141.457,122.161,100.279,78.9639,71.1842,79.5378,117.238,101.398,123.696,100.18,86.4948,107.326,99.0738,141.548,139.681,121.868,145.256,111.373,158.889,127.967,143.625,76.0442,140.868
0,0,91.9698,1.38635,1.0091,83.2215,81.2338,83.8993,82.8961,83.5902,84.2117,83.6902,84.3944,83.7602,83.7586,84.0236,84.4457,85.1844,84.5898,86.5042,88.0316,87.312,86.6962,87.6871,88.0073,87.7934,88.4905,87.7129,87.9566,87.8625,89.9424,89.7934,90.2849,89.8805,90.4256,91.7442,90.1051,91.0987,92.6313,90.6338,91.5253,92.56,92.5192,92.9362,93.4308,92.8557,94.0823,94.9628,93.7402,93.836,94.8996,96.1131,92.9551,93.9978,93.7724,95.1157,96.9457,95.6661,95.443,95.8396,97.8531,97.0899,97.0514,97.7058,101.282,99.0551,100.144,98.6287,100.798,101.849,100.299,101.059,101.904,99.8652,102.351,102.431,102.099,101.812,100.969,102.498,102.485
0,0,136.116,0.444109,35.6528,123.288,89.4725,164.735,95.1338,160.615,113.082,150.646,180.614,90.1394,113.822,212.82,182.715,104.865,138.009,93.3279,136.456,152.685,157.77,97.7499,137.704,138.414,83.8164,210.233,143.372,195.476,151.485,175.594,96.4343,133.247,110.445,159.254,122.286,145.882,119.692,157.731,118.2,88.9948,62.8809,175.658,94.6925,149.328,115.372,169.557,199.256,168.017,190.14,92.4486,140.875,157.588,167.359,141.001,133.824,111.484,140.131,231.276,124.448,126.845,140.527,105.265,124.926,88.9342,142.574,100.933,117.359,129.742,118.51,104.708,125.954,153.761,155.197,95.1473,142.479,144.525,158.24,164.972,143.374
0,0,100.484,6.18065,19.8878,107.782,79.0619,76.4623,65.3676,56.9881,24.2035,95.4842,66.6215,120.853,94.6643,57.0026,105.192,92.0432,101.847,87.5766,115.226,89.7991,67.0637,56.1921,133.855,83.8278,84.8507,82.905,123.877,71.3026,70.2367,102.112,92.8634,88.4753,107.944,70.9668,105.24,100.174,103.093,81.7578,92.9256,120.038,94.378,75.8453,124.213,99.2583,101.668,71.9645,117.272,122.165,131.215,141.516,99.0139,149.707,108.003,122.469,111.641,132.859,138.783,115.066,104.199,121.643,158.067,132.332,106.486,156.938,100.277,143.472,143.715,106.908,127.559,140.98,164.831,105.023,147.994,140.475,148.065,125.629,121.312,142.357,176.028
0,0,97.5608,1.30794,46.4928,118.844,84.7413,104.553,51.486,165.509,86.0764,118.668,168.512,53.5329,105.785,102.054,96.159,30.7283,86.4888,44.3866,80.3205,50.5933,155.334,128.138,203.872,192.243,60.752,132.377,141.058,97.3257,152.889,29.2316,-7.61967,122.07,95.9798,146.576,128.8,62.9125,168.975,151.552,76.2574,101.997,58.3961,85.4088,182.706,131.919,43.1713,111.849,57.0374,-28.1774,96.8928,86.9297,80.952,111.034,57.6776,2.88165,121.951,144.965,85.8121,17.2463,147.195,141.383,121.586,135.313,135.095,66.5127,31.8512,-8.71191,18.0107,138.488,157.171,60.5343,39.4174,126.763,91.9219,100.034,107.176,76.9041,111.047,110.225,159.926
0,0,120.071,0.867027,16.078,100.891,111.337,83.0096,105.457,150.328,104.138,113.484,111.54,147.92,99.8851,102.368,138.181,115.819,93.3527,92.8333,116.981,83.5257,114.252,118.223,106.928,118.179,96.1241,88.4968,110.487,106.062,125.146,111.901,119.632,145.146,122.339,101.187,124.519,109.932,122.018,114.35,101.304,116.279,104.433,136.414,137.877,129.065,109.706,128.125,126.791,141.615,119.928,94.6592,130.766,107.196,79.4349,99.1985,149.322,109.057,81.9359,122.199,105.235,99.4283,117.371,135.917,134.45,120.298,112.762,118.258,133.405,92.9601,108.658,117.068,120.708,154.418,108.783,131.036,111.875,163.951,124.545,127.948,135.606
0,0,113.396,0.998512,7.51079,107.3,117.603,111.677,102.613,106.811,111.882,103.619,111.557,116.081,104.003,104.735,99.4231,97.5171,118.938,115.74,97.0633,106.108,117.936,108.302,101.128,116.257,98.0876,115.302,102.625,115.56,123.211,98.2272,106.806,96.7694,105.329,109.765,115.249,112.631,109.08,115.555,107.999,101.873,117.064,116.199,124.845,117.687,123.516,107.455,105.365,123.066,114.4,120.782,105.929,120.833,109.695,128.467,123.306,120.481,129.769,125.005,116.247,115.808,120.629,114.558,128.152,116.18,127.74,120.311,124.721,120.378,126.387,116.943,119.579,131.263,119.143,122.717,118.351,118.085,122.377,126.663,105.738
0,0,103.343,17.8018,12.7522,-25.5543,-1.42695,-27.756,-15.5788,-9.2663,18.2732,2.18012,-10.7654,-1.19846,35.2385,14.0293,12.009,42.3454,36.1946,24.3751,15.0707,28.5437,40.5176,45.8105,32.1315,52.3615,44.2986,44.184,61.0743,63.6458,78.2558,45.3309,72.4049,82.277,74.4791,93.9338,69.6311,83.7071,86.369,114.72,89.5523,96.1699,83.5131,109.471,89.1911,123.304,117.966,133.433,129.465,113.041,120.978,161.478,133.363,156.778,160.852,153.127,144.88,149.146,174.62,157.154,208.867,187.375,162.703,195.535,201.531,180.797,166.487,200.638,189.157,179.611,217.807,208.104,210.666,213.322,255.04,228.716,227.271,245.272,211.407,229.68,248.139
0,0,135.889,0.244573,11.0437,123.242,139.397,124.962,130.136,129.156,126.249,138.058,135.234,140.246,136.612,134.806,128.668,160.692,127.878,130.569,124.482,134.694,117.131,127.618,137.104,115.574,130.731,136.638,139.211,126.242,130.847,124.956,134.826,142.122,121.52,132.415,131.026,147.267,141.345,146.206,134.652,142.76,106.22,147.893,150.651,135.196,157.644,135.965,136.807,144.767,106.581,149.309,135.531,137.331,137.611,134.351,125.748,116.009,129.331,134.557,137.019,126.647,122.414,146.14,146.659,115.728,122.465,135.207,126.937,135.963,136.828,151.413,133.813,144.848,139.817,142.33,141.264,146.086,160.071,135.072,140.377
0,0,123.461,1.62398,23.8359,149.706,111.769,81.2538,142.116,130.459,126.952,141.63,120.663,114.25,103.495,135.939,154.511,108.367,132.053,149.307,134.315,98.601,83.174,125.704,124.439,139,81.3649,111.527,71.1732,101.927,112.781,101.057,103.349,129.051,158.879,106.062,116.976,145.496,112.943,177.519,106.71,86.6731,128.819,170.88,115.527,106.5,104.923,123.681,97.6962,117.569,160.966,141.063,126.414,127.345,130.648,178.442,136.477,141.591,153.432,136.29,157.539,135.199,95.7199,78.9046,135.588,162.159,124.671,186.174,139.054,128.271,130.411,164.228,147.024,155.899,163.486,142.756,117.581,156.783,100.436,161.348,149.922
0,0,123.879,0.487372,2.80286,120.648,123.74,125.745,119.84,121.859,122.439,121.364,118.554,120.658,115.074,121.638,120.226,127.188,120.897,121.867,122.39,120.328,119.92,122.672,119.169,117.241,125.182,122.531,125.681,125.781,126.807,120.543,122.787,122.028,124.594,126.398,116.529,127.006,125.836,118.165,126.238,122.512,119.867,125.428,123.43,127.518,129.083,119.253,127.135,127.732,121.883,127.613,124.095,124.768,124.5,135.056,127.011,128.692,130.23,126.649,124.819,125.264,122.523,130.285,127.524,122.316,126.382,128.874,127.061,125.775,130.511,125.352,125.265,124.08,125.827,127.739,131.268,127.085,129.418,127.641,132.01
0,0,126.273,0.542444,4.80662,119.603,122.638,118.016,120.78,119.937,120.742,125.057,124.172,140.871,121.14,123.948,129.796,119.395,126.195,129.034,125.05,120.633,120.615,122.289,129.825,129.936,130.07,130.22,124.464,127.489,121.725,125.59,126.776,124.774,135.394,123.303,131.756,124.132,121.669,124.287,115.917,115.706,137.171,127.931,122.965,123.315,121.427,133.581,124.662,125.566,131.629,120.703,119.075,137.189,123.98,133.67,132.387,132.222,133.683,133.713,126.617,127.478,132.303,134.299,130.927,130.232,132.515,127.224,136.218,127.534,132.615,132.723,121.235,129.756,128.345,123.566,132.248,120.753,129.574,122.922,123.554
0,0,106.941,1.21415,100.917,173.145,18.4556,117.865,74.1777,121.001,90.3681,127.63,-44.441,-30.7641,157.196,-75.327,233.697,217.413,173.018,117.994,60.0069,193.756,-37.1018,86.3873,-158.179,92.1919,263.881,-2.60896,131.045,112.689,122.568,265.948,38.1071,205.968,15.1613,122.088,141.814,183.572,229.122,344.074,164.092,241.487,-7.20301,108.116,21.8879,312.854,102.496,23.7115,-11.822,26.6687,141.236,93.0182,-55.1256,138.288,162.306,165.969,-68.7465,151.155,-78.5734,2.52347,112.286,185.057,183.387,31.1258,107.484,192.296,132.861,-33.8663,198.995,296.556,-137.248,172.408,39.4798,279.783,59.388,-32.9719,82.472,22.2029,55.4291,-36.3255,196.648
0,0,69.7154,0.188903,14.8927,70.261,56.0299,79.8594,76.6075,60.5392,109.439,84.1861,83.0167,61.4949,83.1039,81.259,61.9531,85.144,69.6512,78.2791,61.2792,74.5434,72.7969,94.1998,69.0478,73.9596,79.2987,43.5387,61.7967,79.7691,85.6723,61.5968,56.6049,76.3559,75.1818,79.8131,64.703,74.336,62.3966,63.5704,101.394,69.441,68.6822,76.7227,69.7513,54.9354,67.6214,75.6992,87.4455,109.485,74.6063,73.0561,79.9512,70.3353,86.5023,65.629,51.9764,95.6123,65.1032,79.2671,59.4036,81.3757,78.6513,83.677,72.7844,97.0225,71.8132,74.4855,57.0686,69.3364,67.8995,100.129,63.5753,74.5903,92.2554,79.6398,63.2184,77.512,83.1404,67.0422,58.6245
0,0,70.2399,0.805967,69.1655,26.2048,134.708,130.141,96.3944,-26.4425,180.697,46.9373,89.6528,-60.8934,62.9369,101.839,215.1,84.2165,132.878,-49.3469,167.707,48.9101,77.3034,76.6164,47.022,100.061,37.6364,55.5548,2.01699,259.622,144.049,128.32,89.1355,-28.7541,108.453,-42.0579,103.415,52.1396,-0.552909,9.39392,78.4944,78.3699,42.3181,88.0831,194.352,21.373,19.9719,166.66,68.5153,111.187,-14.9991,-15.1116,90.387,119.317,11.7342,107.985,34.4974,162.564,8.81638,67.8717,104.363,91.0817,253.727,134.951,60.9935,125.75,156.524,83.9209,71.8302,22.0065,41.065,32.9275,108.478,120.625,28.0495,49.4519,38.7677,36.1126,107.339,-31.9093,192.231
0,0,98.7209,0.397764,8.04288,101.847,98.8915,96.3315,87.7495,101.211,106.798,96.1289,110.299,103.862,91.607,84.7904,96.7203,98.557,111.42,103.509,89.9511,113.217,103.263,89.406,82.2365,92.0119,91.1709,92.3373,106.814,81.4884,101.987,97.5372,103.115,78.7883,95.5128,100.592,88.21,114.956,109.188,94.6145,95.4242,88.2398,104.886,96.4048,100.882,93.4317,102.322,107.884,110.606,105.84,119.863,94.2229,109.203,88.2738,88.2143,109.486,85.1278,90.9485,96.426,105.952,100.895,103.166,92.0386,97.2419,101.92,107.343,104.262,99.3498,109.5,96.8097,88.806,104.073,104.814,103.447,106.055,100.374,102.657,109.683,109.614,90.6595,133.21
0,0,123.334,0.603886,25.3594,119.47,118.037,131.096,114.661,85.5309,135.346,110.115,114.981,95.5208,141.408,99.0279,135.059,140.354,137.098,133.561,136.509,92.7169,111.81,127.028,185.409,147.873,126.668,154.504,107.046,85.5639,138.759,88.2265,157.164,115.375,120.211,143.569,57.3084,157.367,120.625,124.639,95.9755,157.096,136.669,132.122,143.403,114.358,94.6862,124.743,105.288,133.692,137.775,121.248,106.173,159.146,136.069,135.142,85.73,134.25,142.992,93.8002,115.887,161.959,120.06,151.791,179.843,135.427,140.92,90.9411,104.97,111.08,152.526,87.2674,190.808,94.3967,123.964,157.986,132.208,158.537,128.856,115.731,130.47
0,0,97.2883,3.00794,10.4424,77.9055,99.8754,75.2692,84.5639,81.6538,54.9911,71.455,47.8722,74.1476,83.2237,79.137,102.181,70.5942,81.5992,85.0352,79.8303,83.8067,84.1816,87.2132,104.82,90.5598,99.1927,106.75,93.0758,95.332,96.9672,81.4884,83.0998,99.5132,91.9829,92.6491,99.085,89.9591,82.7466,84.4917,70.4243,89.433,104.841,114.552,101.641,102.104,79.3927,82.6509,114.581,105.872,89.1885,91.4789,120.142,95.9943,110.113,125.299,107.245,105.917,111.95,94.8052,108.256,102.757,110.399,117.524,104.23,102.379,97.5528,113.734,114.843,99.6711,115.641,117.226,130.849,116.392,115.463,123.178,113.422,103.63,120.352,86.1825,97.9577
0,0,89.5865,3.37584,23.2025,80.7843,45.5981,69.0722,69.9412,71.6837,89.5306,103.217,73.4193,100.298,104.342,96.4434,62.6281,96.4612,75.4777,75.1899,62.4538,105.962,64.2495,55.2465,69.6728,53.3896,76.6704,69.0015,83.8416,116.131,66.8504,104.856,21.6072,83.1487,88.3213,121.313,96.3566,52.1237,65.8753,130.393,73.7623,108.177,42.1126,64.7354,46.5452,82.856,132.38,125.727,83.3242,136.797,62.777,116.888,124.881,88.8144,71.3928,74.0765,112.299,117.962,101.504,117.196,92.0109,92.4749,123.979,54.8999,159.891,104.822,95.6402,118.437,148.66,53.6709,124.826,133.542,118.044,99.1396,116.053,148.507,129.556,113.734,159.7,151.726,140.612
0,0,81.069,1.50494,23.8539,70.7403,57.0243,68.2642,85.6332,88.985,104.426,110.56,75.3866,76.864,68.8375,71.0261,78.4718,60.4991,35.9057,94.8149,94.5826,101.307,26.9185,43.5402,95.7291,70.5595,53.9032,72.7772,117.898,72.3607,75.1125,93.0959,84.689,70.4309,91.9342,50.4731,85.3028,94.9246,109.998,60.0758,69.7336,129.278,62.3107,65.662,150.265,114.432,73.0985,87.9945,89.8878,128.913,71.5064,95.9934,103.201,121.501,54.2058,126.372,102.709,119.832,67.5509,90.557,110.767,100.084,98.0532,92.4142,90.352,72.37,77.7945,103.14,16.8791,73.3345,75.2593,95.4492,85.9635,91.1458,75.4872,88.4617,59.2623,114.229,96.7546,84.1981,130.922
0,0,106.196,0.387259,26.3045,116.601,72.7201,70.6527,104.438,72.7117,119.246,94.9753,96.1355,77.2017,131.581,112.888,118.326,84.9941,108.577,153.251,117.64,87.2278,130.541,108.932,58.1878,68.264,121.255,106.854,131.458,108.701,99.4062,134.69,88.3198,106.013,47.2704,111.678,103.109,122.162,58.1241,111.903,100.849,127.388,85.4224,77.5378,130.056,103.931,68.6904,126.897,61.5778,92.7405,103.261,99.0989,109.311,117.769,116.647,72.1294,98.2077,138.109,88.7596,97.6193,131.84,160.833,107.196,142.98,42.3008,107.611,115.674,97.1653,78.0152,110.828,92.5021,111.432,123.278,110.965,158.654,101.081,116.466,115.554,102.798,66.6381,97.6607
0,0,105.571,1.94825,17.0817,83.465,104.652,123.987,65.7243,101.698,87.2389,78.7709,105.854,97.6685,93.4375,119.071,122.618,87.5395,72.6191,100.663,72.2141,130.959,66.0821,101.981,118.587,91.797,72.4119,107.121,84.1901,77.4465,102.993,129.115,107.561,100.15,72.3142,124.969,76.1532,121.226,93.0978,76.9009,124.639,96.7871,122.47,113.322,78.2069,108.743,105.168,100.316,114.165,133.105,120.015,106.914,125.471,132.338,89.919,123.673,92.3386,138.938,146.638,72.4653,76.3581,129.337,108.225,115.981,102.27,147.551,116.716,116.734,124.055,89.2565,78.0364,95.9399,96.2162,112.645,149.776,129.098,117.891,104.487,106.708,134.524,128.61
0,0,124.95,0.336505,1.55104,124.484,120.421,121.901,122.229,120.852,122.326,123.072,120.622,123.491,119.792,126.575,121.486,122.264,124.637,121.956,122.954,124.356,123.957,123.32,124.374,125.866,124.031,123.409,122.015,123.327,127.161,125.868,123.426,126.294,124.75,123.769,122.767,125.787,121.147,125.394,123.88,126.242,125.319,126.628,125.52,126.099,125.086,124.371,124.782,129.095,126.074,124.182,125.966,125.102,125.472,126.618,126.733,126.466,126.389,126.671,127.004,127.379,128.677,126.11,125.421,125.309,125.527,125.527,126.76,128.341,128.049,127.704,125.16,126.795,126.877,123.706,127.081,127.904,128.522,129.074,126.781
0,0,99.217,0.73102,11.4166,74.2021,92.9701,102.809,97.9488,88.7121,99.803,96.9125,100.364,112.098,98.0467,108.496,107.705,101.841,101.79,74.0435,106.983,98.1654,92.9777,89.2175,104.996,100.339,84.1981,97.6806,103.235,90.5288,92.7854,105.039,85.1631,88.2277,90.4024,97.9811,81.4992,100.414,92.8466,107.943,100.287,108.107,101.824,99.5886,102.512,89.5612,89.9652,91.6346,114.031,97.69,96.5652,120.726,102.249,96.0541,91.3691,86.428,111.879,104.375,102.072,109.671,83.8908,108.75,88.3686,91.0447,97.6067,80.9116,101.587,100.816,114.38,91.5526,103.661,110.279,114.075,96.2554,101.69,94.3725,102.13,94.3316,94.0467,127.327,117.256
0,0,64.0193,5.77506,30.3877,-9.78807,25.15,75.6392,2.65446,-20.2153,67.3493,68.759,68.3354,-19.3859,48.7194,55.9884,68.2074,52.0437,10.4208,23.8217,-40.0632,24.6784,13.8465,91.1771,80.7252,42.6882,38.7349,32.4493,53.411,43.0138,49.4709,104.557,23.6977,58.5598,58.1185,16.5374,32.6068,31.3562,54.8864,23.9191,25.1061,27.0733,58.4712,87.9399,43.5276,77.7381,34.8279,149.275,132.201,66.59,97.9814,60.5548,73.1361,106.879,116.243,61.6027,22.4092,50.9393,91.9497,95.8887,120.125,96.6318,73.8882,113.862,125.334,123.025,-4.52076,95.4102,89.2269,84.1549,88.0932,132.83,118.999,46.4663,78.499,126.538,140.421,142.426,150.083,134.926,153.147
0,0,116.273,2.47449,0.710921,98.4818,98.0685,98.684,100.019,101.987,100.846,102.05,101.209,103.575,103.089,104.108,104.46,105.068,105.208,105.628,105.982,106.334,106.862,108.822,108.372,109.073,109.057,110.08,110.85,110.17,110.968,113.459,112.419,112.468,113.012,113.695,114.08,115.009,115.17,115.441,115.307,116.802,118.361,118.765,118.749,119.352,119.277,118.917,119.698,121.264,121.118,121.152,123.157,123.188,122.52,123.988,125.135,124.734,124.463,125.764,125.872,128.112,127.523,127.349,126.967,128.897,130.498,129.731,130.223,131.582,132.119,132.384,132.534,131.349,133.065,132.539,133.387,135.58,134.862,136.621,135.459
0,0,140.175,5.41342,43.6421,92.4384,79.7613,131.58,125.961,98.1481,136.551,154.858,73.7113,116.499,103.21,128.1,57.0793,81.4829,64.316,14.3596,103.922,203.304,116.255,70.3554,110.379,150.783,36.3725,189.041,90.2149,165.626,81.8659,147.741,173.752,147.306,106.67,133.92,136.922,144.491,132.595,150.132,141.141,74.3755,59.582,125.817,59.0136,185.182,106.641,193.246,163.284,56.0514,103.969,163.499,175.981,168.675,164.328,187.112,181.494,158.385,126.408,196.182,165.994,205.618,157.85,197.001,215.625,166.272,169.25,141.461,191.404,160.771,167.209,183.199,184.43,204.411,212.004,218.629,273.091,95.9815,106.079,215.02,197.219
0,0,109.655,1.10888,11.3551,106.578,76.1355,93.0107,104.748,91.0611,104.842,105.817,108.45,106.087,100.193,100.124,113.877,115.956,109.45,109.277,121.641,93.8057,112.899,110.897,100.547,115.154,96.4844,115.159,113.669,110.044,110.122,101.344,122.152,85.8035,94.6633,119.292,106.456,109.822,106.106,80.4068,103.54,107.471,114.393,133.15,114.622,102.316,121.274,93.9488,134.936,109.402,107.074,104.904,89.705,119.673,133.844,115.879,116.725,115.734,99.0109,133.056,117.246,89.6806,113.725,110.949,137.511,94.7716,102.146,113.125,113.176,119.897,109.452,128.224,125.869,100.784,124.927,118.546,116.69,118.681,119.182,125.026,114.29
0,0,76.1376,1.6073,9.59428,65.9769,66.6888,73.3948,68.3538,58.4753,65.5517,85.0293,70.8131,58.7182,57.2871,76.7128,61.8997,56.0369,63.8946,75.7316,82.3355,68.9305,75.7175,64.8036,82.9044,73.0325,62.8007,67.4795,76.9931,66.9766,67.9747,76.3221,50.8868,85.3105,80.9076,83.8555,72.0058,84.4826,75.6842,82.3677,76.5862,58.5474,61.361,61.8324,73.5312,75.2366,89.472,59.7122,84.9972,85.8249,97.3149,80.642,71.756,83.3708,82.2167,86.0651,83.8973,72.0034,71.0658,87.5621,84.7659,76.6078,89.6282,77.6454,66.0399,72.641,85.8142,97.6374,83.6917,83.3567,93.6545,92.4032,80.3722,87.3776,79.7311,88.739,67.8932,86.7936,82.2114,92.5034,101.324
0,0,112.564,0.337443,21.6853,112.739,96.653,72.2998,107.83,121.585,139.309,97.7743,89.17,100.961,132.108,121.564,122.679,72.1563,85.3327,97.1041,123.85,114.694,143.394,92.9125,91.359,153.438,142.048,120.541,148.954,112.826,136.287,63.9721,166.938,123.953,149.298,96.9422,65.5561,108.625,152.699,130.584,130.164,115.756,81.224,93.7484,101.101,118.417,74.2054,109.572,101.552,105.048,79.6001,82.531,116.116,105.447,78.2044,109.701,123.415,84.1222,101.267,123.924,89.2885,118.126,113.886,141.048,134.294,98.1139,118.842,107.358,122.22,105.146,157.777,113.871,94.0215,119.978,140.396,89.5529,107.526,132.525,115.6,112.098,110.508
0,0,112.026,3.56005,29.5381,96.0684,84.8074,120.513,87.697,57.3504,77.0886,107.61,131.86,166.701,81.1549,93.8092,149.353,117.133,76.8886,76.4242,100.966,100.23,46.0562,137.126,81.1989,121.51,108.847,89.5364,146.054,167.778,131.27,107.74,127.252,158.936,23.9454,41.7381,115.091,99.8437,85.4318,90.9896,149.915,90.6087,90.9591,97.4341,191.724,111.568,112.227,98.4603,94.2191,80.5192,143.461,115.467,96.7304,109.875,75.1519,113.822,139.161,111.264,130.461,101.583,103.056,97.2899,100.47,133.235,167.649,116.558,104.806,155.268,117.082,91.6446,129.549,109.993,143.416,141.417,129.079,138.07,113.917,152.669,150.294,104.834,109.377
0,0,89.7628,1.23247,54.3077,72.3715,134.99,58.0991,33.756,-19.6133,-40.5897,-34.326,71.4737,66.0919,95.2688,13.316,112.649,43.7614,100.444,148.864,98.9511,64.9935,74.4341,16.3647,114.481,71.2372,-20.2999,132.584,62.4776,87.7063,63.095,158.388,-23.3596,164.941,32.603,155.886,102.891,102.716,91.4988,33.319,101.073,92.4915,123.338,44.4378,60.0348,-10.1449,99.2765,46.8309,160.821,33.4279,-7.77475,121.108,205.944,206.364,116.733,87.5611,105.871,129.033,78.0687,178.712,68.6935,43.4541,73.8765,129.584,-55.9424,228.206,81.3983,110.779,161.49,-11.8562,153.75,75.9571,-37.7179,66.5334,63.5747,64.0261,112.474,87.1133,60.5687,-7.65338,56.4487
0,0,124.139,0.20124,7.26967,133.204,129.529,114.51,117.891,128.394,126.78,124.413,108.063,128.247,127.632,122.08,133.505,118.845,134.126,129.014,121.989,116.566,122.366,122.257,132.584,101.757,130.921,128.593,128.85,124.916,122.935,114.045,118.061,120.885,128.178,121.624,122.174,118.491,116.806,131.541,127.806,120.566,113.255,117.054,120.823,133.18,147.073,116.81,124.418,124.725,121.167,117.531,132.516,127.175,136.188,134.354,129.881,121.222,118.914,126.843,121.623,115.9,119.001,132.395,122.086,122.539,126.477,117.768,137.169,129.904,131.891,120.894,126.31,122.268,124.118,134.868,137.769,125.938,130.625,130.193,111.764
0,0,85.841,1.90159,6.38141,65.914,78.0484,69.0907,76.3689,62.695,72.5546,78.7995,71.931,92.6523,61.026,76.3049,71.3132,80.3639,80.5986,78.0655,79.6896,92.1779,81.7264,78.0252,69.5065,80.2767,90.1689,83.0456,79.4393,84.9045,76.4288,83.2859,88.1632,87.3224,80.666,78.7835,80.5781,80.9624,90.8947,95.9686,90.494,93.8776,87.097,82.2256,78.8043,95.2209,94.3969,93.2286,90.8368,87.6398,84.5501,85.3323,93.202,92.6166,101.789,79.268,91.7469,97.9178,93.7403,98.1064,82.1589,97.6986,95.0711,107.863,98.5677,101.385,101.281,104.315,95.314,89.9553,100.235,91.9374,106.562,97.9334,105.85,94.0586,108.382,99.8267,103.215,104.929,105.865
0,0,67.4885,0.525069,18.9009,73.1399,50.7787,86.3857,38.555,37.148,38.4133,19.8965,69.3048,123.828,48.0181,108.088,58.5045,72.6178,30.7199,70.908,58.8686,52.0001,43.0365,58.0304,88.2478,88.6999,85.7045,61.2228,68.831,35.7791,60.9223,86.7671,85.6131,59.3614,81.3429,87.7641,48.5259,41.8436,78.2669,56.3219,71.7881,75.3153,36.4979,46.9783,79.2722,76.9622,70.5206,60.6777,72.9656,36.5273,49.8376,91.3062,58.1299,97.5957,54.7931,57.3398,53.2308,90.7696,62.2099,91.1173,72.5571,110.446,59.7141,93.5353,68.0524,50.652,61.4767,58.9742,60.7048,66.8599,56.5532,73.536,71.2397,76.5494,30.593,78.0401,90.2725,45.0606,97.6985,71.5347,55.6832
0,0,101.595,0.48868,23.2897,94.1452,154.3,83.6697,108.789,73.1813,92.8888,115.437,123.742,126.848,85.1275,104.943,120.303,69.4006,63.78,103.657,107.794,107.766,108.069,101.414,102.56,97.85,91.0406,75.033,85.951,69.6803,109.354,66.066,45.4895,61.6042,88.7415,145.523,102.118,83.514,102.639,141.333,92.1239,97.9543,90.0218,127.691,115.807,91.1011,112.64,84.7708,116.073,118.865,76.3885,80.0289,110.389,49.6515,100.393,118.504,83.7489,102.27,119.546,122.895,108.104,110.77,124.184,117.055,112.684,125.987,84.4207,125.682,102.043,80.6677,56.1249,106.339,100.831,109.462,111.484,79.1965,113.049,97.6849,121.503,90.4634,81.5933
0,0,146.342,0.324675,55.7031,117.263,150.817,134.175,50.3852,109.487,168.341,134.418,79.0529,206.173,167.546,196.604,126.68,229.93,139.156,163.656,130.139,52.8007,43.8635,172.976,164.129,208.077,119.688,89.6767,218.912,134.53,114.939,156.663,99.2836,85.8009,203.204,48.7659,189.316,175.261,162.316,123.346,162.449,138.196,150.412,130.347,221.139,68.1147,145.275,219.967,179.658,120.37,103.826,149.076,17.087,155.665,182.832,171.533,189.561,132.167,170.926,134.911,168.052,178.489,158.788,217.885,150.97,98.3483,219.175,163.757,209.843,215.849,253.302,101.175,218.271,158.33,214.678,214.441,194.186,43.977,176.811,94.1185,133.67
0,0,84.4598,3.14051,3.24734,63.9221,65.6625,60.707,69.5612,63.5669,63.9269,67.2417,62.6975,70.3848,71.8941,71.4714,71.7183,65.4025,64.9196,71.8443,75.0606,74.3331,66.5735,69.8377,74.5768,68.0949,77.1567,75.3161,76.1126,80.3897,76.1673,76.4186,73.5959,80.9699,86.4958,79.7577,76.1381,79.5636,88.5466,83.9776,82.327,86.3956,83.7552,79.2411,87.7586,91.9802,87.481,87.0817,89.9314,95.6976,96.3763,88.9224,90.5045,97.2502,93.5551,98.2247,95.1484,93.9372,98.1393,97.8618,95.2027,101.508,96.1985,102.114,97.7267,98.3094,97.2245,101.039,99.4291,100.288,103.189,103.324,103.104,99.5422,107.61,109.854,105.504,107.146,106.329,108.931,111.328
0,0,73.0929,1.08491,15.2291,85.3372,67.3291,55.9999,42.1169,63.6832,93.4919,52.165,54.2077,45.0948,69.0747,75.6434,66.2765,79.3645,58.9295,68.2839,68.2631,75.8458,67.8155,65.4703,68.8033,62.2118,67.3465,63.7165,62.2359,74.9564,66.2068,66.5138,72.9462,86.8533,73.8278,70.7857,75.0752,55.5199,84.5456,66.9555,114.489,74.7732,88.7382,68.0783,83.7512,48.8799,77.4255,37.3271,90.6235,80.1488,94.1798,68.0206,90.7327,80.5464,78.7429,110.793,60.7955,92.6208,83.0468,66.8707,85.2415,88.1294,80.6667,83.4558,91.68,87.4244,73.4864,84.6114,93.3471,80.9289,91.0532,93.8609,104.67,74.5596,99.7654,69.4423,76.0431,104.337,72.3463,102.724,83.2893
0,0,101.121,0.305548,5.79674,86.6941,103.411,98.2608,100.033,101.48,96.0947,94.6294,93.8791,102.892,89.964,92.7253,103.217,100.448,97.0132,99.6232,96.5123,96.7762,96.0529,94.2016,105.717,96.3544,100.981,107.28,98.0149,97.0631,101.093,107.175,102.084,104.466,95.7899,106.002,105.426,97.5434,111.149,103.204,93.5569,95.5917,98.2255,100.305,97.3385,95.6353,97.8423,105.225,100.757,109.217,84.4859,95.8296,103.607,101.914,96.1001,102.969,107.169,110.752,102.761,110.148,102.308,100.818,103.503,104.209,114.322,102.089,94.9178,101.386,109.777,105.919,108.037,106.819,98.8684,115.046,114.897,106.533,100.879,91.9345,103.373,102.908,99.1832
0,0,123.542,1.26691,10.2723,97.8125,116.632,125.255,97.658,114.596,114.841,133.386,110.241,103.525,116.343,122.941,110.811,139.983,125.557,127.21,111.534,125.943,135.233,109.163,108.494,123.254,131.689,108.022,127.632,101.602,136.869,116.317,119.169,127.575,132.145,125.571,121.94,125.158,129.934,128.885,119.045,120.154,128.788,119.793,133.798,130.243,120.804,126.888,126.19,132.644,125.368,129.219,122.044,129.841,124.347,133.192,123.951,124.492,120.09,125.585,130.721,134.358,123.711,131.571,116.867,133.204,144.427,132.542,132.965,125.506,143.159,121.939,124.603,150.769,135.38,136.952,112.786,137.028,120.132,122.605,155.604
0,0,128.488,2.72956,2.82141,109.927,105.788,107.543,114.299,113.042,113.873,109.304,113.086,117.318,112.084,114.304,115.848,120.589,113.56,116.84,118.245,120.21,120.798,117.721,117.224,123.633,118.874,117.206,124.136,123.164,122.582,122.412,123.313,122.587,123.991,123.251,126.214,126.235,129.229,124.201,128.903,131.867,127.057,124.411,131.169,127.551,128.256,129.811,133.485,131.849,134.921,130.167,131.981,133.923,137.969,141.203,134.533,140.094,141.689,139.972,139.795,140.188,135.708,137.979,144.6,141.352,143.764,147.376,144.644,144.101,144.013,148.754,147.385,144.794,143.388,148.353,146.907,146.6,153.443,148.737,147.92
0,0,117.529,1.02606,4.92851,104.902,113.45,107.769,99.9731,109.53,109.799,112.81,126.778,113.92,112.659,113.37,114.47,119.344,106.27,110.577,112.15,120.561,113.501,110.366,105.913,111.035,114.098,116.883,116.193,119.511,125.027,116.437,115.785,124.314,112.488,118.204,118.77,116.183,111.481,110.857,125.198,119.795,114.323,121.517,117.329,121.617,112.025,111.669,120.011,119.791,118.773,129.157,118.845,116.602,119.445,129.506,128.196,120.015,116.736,122.6,132.425,122.768,128.301,122.373,129.53,120.457,123.966,123.032,115.108,119.087,122.538,126.427,118.727,122.348,126.886,127.331,129.105,121.439,131.812,128.973,135.243
0,0,91.4734,0.159349,37.7003,42.65,100.2,84.4943,135.003,76.7652,95.4942,115.779,69.8698,69.2344,54.1041,147.067,85.2136,85.0138,14.8856,161.851,62.6097,135.061,57.2944,74.7911,160.967,124.655,90.7977,22.5079,124.786,115.962,84.3523,117.335,155.9,178.041,120.126,214.825,60.1523,74.0221,76.0645,62.4962,36.4192,186.685,107.247,59.728,179.27,60.7104,119.676,69.8025,121.107,16.7127,62.6582,88.7668,184.138,85.4203,14.1828,133.424,52.9908,81.9456,51.2202,70.8584,69.5213,35.0181,104.358,94.9978,63.8205,64.2176,108.489,143.799,136.446,113.509,65.4801,73.4186,77.1872,134.106,120.61,67.1306,55.8724,65.8041,132.725,113.877,71.2827
0,0,77.0312,1.9718,38.7949,156.603,101.115,2.41333,78.708,38.0706,114.051,117.168,67.0264,64.093,62.5433,13.6238,53.4447,41.9234,93.3764,100.155,62.5999,33.4701,21.1613,51.5476,62.4487,65.1809,85.2675,69.8561,65.4211,61.314,109.652,99.1345,87.0349,89.5905,51.9969,74.5072,98.952,19.2269,97.2447,46.1021,102.082,109.837,16.6971,48.2304,100.766,134.389,45.5121,120.657,47.3393,99.4603,119.094,42.7896,98.7525,129.443,63.4271,142.59,69.6089,131.96,65.2416,116.179,141.62,63.5744,145,87.7415,51.4792,72.2195,121.497,88.6726,47.5545,104.899,28.6055,73.9082,102.252,86.1447,108.089,62.5441,67.1986,69.0494,123.791,73.8023,23.5202
0,0,82.4387,0.282236,4.99432,88.3348,89.3471,75.3915,76.3455,78.7232,87.3145,77.1766,80.8223,85.5198,78.3549,85.9886,85.4517,81.8452,80.6558,82.1493,81.9244,77.7017,84.44,85.0771,88.418,82.7472,76.14,82.1459,75.4891,69.2931,78.6194,77.3591,88.039,87.7575,79.6253,82.8202,87.109,78.519,82.2319,78.1179,79.7382,78.3823,74.4391,79.1659,86.6882,75.7229,89.9478,78.9656,82.5848,79.3507,80.2247,80.8752,77.8346,92.4681,79.7475,83.3291,86.0513,93.6563,83.7604,82.6976,85.2625,82.2226,72.1317,80.4261,82.8334,83.6504,74.8236,80.7253,76.0318,88.0501,75.7138,83.1409,80.5795,90.1263,90.1155,88.0581,81.2578,83.8708,88.4697,77.4811,79.6868
0,0,89.9051,1.97549,9.76251,68.0617,69.6904,64.6325,69.9453,90.6668,70.9066,67.3898,72.9587,82.6233,66.0477,87.1724,78.2131,88.8094,83.3195,82.7077,87.1811,51.0114,86.8075,77.8996,86.8528,78.7769,87.7179,84.3907,79.1292,77.962,90.17,83.5349,96.5546,75.7517,82.8628,73.5285,86.0629,94.5497,100.129,89.4756,96.1059,92.4826,87.2423,94.1614,99.2537,96.8962,97.4064,103.618,85.4867,88.1437,97.0071,87.215,77.3445,99.037,93.8083,82.7041,77.7788,116.264,99.4749,92.1559,89.6466,104.891,91.5973,81.7247,90.318,112.482,107.74,100.783,94.8619,104.415,95.568,105.385,112.325,101.724,92.8909,110.017,107.964,96.8412,95.5012,104.596,85.6166
0,0,94.2907,6.60976,7.44723,61.3757,45.9087,39.8348,61.9001,51.3882,72.2142,50.9263,52.4791,65.3629,57.1467,65.3024,62.0259,73.5215,66.0911,55.8957,58.1038,64.7359,67.7628,79.7766,61.8963,82.0258,76.7307,72.8756,65.8035,87.6304,81.7572,92.5868,95.0803,84.1105,86.1879,89.7039,86.6733,74.8688,87.1745,99.5766,85.4634,103.823,105.814,101.577,111.552,112.696,110.869,114.929,106.693,115.535,104.874,104.85,111.441,114.349,109.683,117.55,112.215,122.979,120.648,117.513,115.605,107.183,121.758,132.383,119.771,137.688,118.145,136.88,129.749,136.264,122.817,136.06,133.401,139.022,134.645,139.727,135.551,146.31,131.836,158.064,143.339
0,0,124.375,0.791029,22.0012,117.218,159.092,98.2048,137.856,131.49,158.193,126.311,167.405,123.477,133.307,111.712,118.086,113.602,109.254,169.846,113.033,136.884,105.227,122.985,152.079,181.662,105.434,145.32,136.539,137.321,126.171,139.802,150.612,119.245,125.65,120.606,119.443,106.383,87.062,172.737,87.7881,79.4967,147.491,85.1704,130.442,150.596,116.188,133.191,103.713,123.674,125.385,90.9575,104.022,116.856,163.628,160.362,136.94,121.357,141.369,138.919,81.0285,145.575,127.3,151.698,122.344,159.53,121.328,117.39,105.709,133.263,120.905,93.8446,102.776,132.383,139.585,148.567,112.268,137.161,144.346,123.082,112.584
0,0,84.1141,1.85676,7.21395,85.1667,72.4008,66.7329,70.6542,60.6347,84.7032,82.5395,67.7159,70.0767,78.9674,60.814,69.3559,79.8939,74.5959,65.4828,79.1155,68.9741,80.5528,81.6306,72.1124,83.11,77.8767,76.3955,88.2426,74.7971,95.1711,82.6936,76.4287,69.6273,89.2506,65.6235,90.5643,80.2715,87.5135,92.28,83.5345,96.9557,75.6546,82.4241,87.1167,83.4973,89.3075,78.1928,84.5475,85.5018,84.0195,74.2235,88.1412,97.4546,83.3161,95.1741,76.0281,91.0761,91.4312,85.9366,86.5565,87.7588,97.126,98.5072,84.7616,98.3293,84.5663,79.9941,92.9886,87.7319,97.122,93.8469,94.9072,103.868,97.0119,88.6423,92.6327,90.4563,101.49,94.32,109.911
0,0,97.2096,1.19214,3.11664,90.6842,90.1242,89.0945,94.1607,92.3426,91.1004,86.3027,93.3228,96.0372,92.3835,91.9712,91.8734,87.6338,92.3411,94.3305,90.8528,91.1322,98.0843,92.0788,90.4849,98.1014,91.5641,94.2994,90.0933,96.593,95.58,99.7109,100.201,93.4084,98.4285,99.5758,95.5999,101.931,95.5794,92.4638,95.0602,99.6048,100.482,94.2984,102.058,97.4918,98.2372,96.7177,97.2705,95.329,96.1614,103.837,99.448,106.322,100.726,102.628,99.5782,105.918,94.5683,104.218,98.0292,105.999,103.326,109.1,98.1661,101.713,104.364,100.158,102.468,103.367,113.478,104.851,110.252,103.116,103.291,105.09,107.536,107.805,108.878,105.134,108.036
0,0,114.059,0.178157,49.7202,86.5727,265.804,156.312,208.498,58.6513,122.722,61.8281,121.641,-44.9464,180.555,146.042,46.3671,102.563,159.024,173.221,130.535,104.682,108.516,106.037,111.075,43.6586,182.709,73.6602,148.251,132.542,161.817,58.5361,102.611,81.7756,102.402,126.252,142.456,125.852,96.5621,95.1556,77.7388,81.9104,206.952,128.115,136.981,154.997,137.878,131.863,103.443,152.376,34.4348,180.016,194.388,140.151,176.569,157.013,57.5835,98.0375,73.6439,98.8749,134.89,127.354,57.7885,135.753,140.216,28.6706,112.052,223.095,126.133,85.5269,114.364,45.1512,183.514,60.7273,193.18,95.6915,108.264,171.825,120.772,93.966,217.296
0,0,128.384,0.689918,33.4988,112.472,161.702,95.13,111.247,91.4316,87.6297,202.55,114.285,180.173,99.7488,155.759,96.5974,135.567,116.365,117.706,111.551,113.655,165.689,70.2023,116.636,113.173,95.4867,129.476,153.549,128.304,70.2237,112.89,145.097,99.3221,91.3795,129.197,107.785,171.542,109.132,136.417,209.578,129.476,118.601,174.199,114.743,149.7,175.94,154.873,135.539,80.8898,105.327,94.4362,156.365,124.659,135.655,178.144,181.762,207.719,129.365,162.432,120.996,201.389,105.025,128.356,88.433,129.68,138.118,179.408,131.69,122.107,141.401,207.592,118.24,109.512,180.131,163.505,103.905,201.755,138.098,104.784,97.709
0,0,97.7928,0.323664,35.7935,81.9268,115.287,56.1528,55.9998,69.5016,83.1207,121.567,111.454,94.3723,40.0238,132.749,155.751,162.61,55.2079,139.891,63.2061,120.818,78.5189,81.1044,41.0409,102.648,98.3186,117.608,134.739,76.734,94.1438,65.7126,82.7887,98.7401,103.282,120.324,108.006,131.664,129.794,114.836,85.2512,128.927,121.959,79.6596,103.822,138.966,64.4666,85.9393,59.8217,185.907,114.863,68.7019,157.03,129.836,135.488,91.5164,180.174,94.211,149.035,73.1478,96.5013,62.2485,106.983,114.743,37.9136,70.8193,130.077,144.182,112.93,110.497,117.288,116.573,155.503,69.2064,116.764,81.3982,120.091,182.766,90.0217,79.2394,87.7213
0,0,107.349,2.57387,0.937515,88.7073,88.4927,90.2091,91.1372,92.6597,91.6507,91.0478,92.2821,94.2371,94.0411,94.5631,93.0038,97.7273,94.5072,97.6669,95.5912,96.8552,97.7278,98.6342,100.343,99.3981,98.7056,101.191,102.071,102.074,102.995,103.274,103.571,103.27,104.884,105.83,105.615,106.185,106.197,105.95,108.308,106.784,108.22,108.256,108.524,108.602,109.992,111.107,111.68,111.846,112.019,113.74,113.405,112.053,114.937,116.411,114.383,115.818,115.562,117.529,118.074,119.905,120.719,119.005,120.567,120.543,120.974,121.647,122.643,120.542,121.536,123.929,123.545,123.316,125.298,126.025,124.174,126.617,126.171,127.695,129.248
0,0,84.9979,0.446867,53.1699,101.174,182.194,131.694,102.583,121.248,32.4221,23.3547,49.9831,111.568,83.6168,-36.1125,104.828,136.782,62.6841,-5.60258,160.443,22.6482,91.2168,62.8866,100.331,150.999,16.4081,99.2369,27.1295,121.983,143.874,122.734,121.901,19.9456,61.7427,63.9876,169.6,68.3621,61.3865,168.708,132.689,149.856,70.3557,38.8199,67.3726,46.2872,13.1792,80.9637,111.356,103.269,52.6915,14.254,37.7836,124.394,123.198,68.249,56.4408,74.4321,107.84,84.0223,41.5162,77.7676,61.874,35.7982,121.093,121.147,-8.30452,59.3484,90.6591,139.349,71.2548,-9.31172,100.736,49.4332,-4.26706,143.258,143.057,38.6662,117.195,88.3982,49.8917
0,0,75.4025,3.62415,1.01074,50.5778,49.7022,51.766,52.9255,52.0964,53.1585,52.6287,54.0145,54.8583,56.5969,56.2337,57.2939,57.12,58.6956,60.9013,59.751,60.789,63.8052,62.3017,61.6746,64.4829,66.9306,65.4616,67.0395,68.3237,66.7816,67.1701,68.5907,72.6913,71.4232,72.1291,72.9896,71.095,73.5069,75.2594,76.3356,76.2332,77.3924,76.5672,78.7821,80.8418,79.5216,79.4913,80.6867,80.929,83.1668,83.8095,85.503,85.4676,86.0999,86.7369,86.8062,88.8415,87.9868,88.6662,90.5067,90.5204,91.625,90.1897,91.2947,93.8445,92.9205,93.7396,96.0286,97.1068,96.3097,98.0985,100.153,99.2093,100.028,100.192,102.02,101.474,102.717,104.016,104.571
0,0,89.2014,1.08235,26.6079,86.6461,109.229,70.0784,37.8483,95.4062,96.628,90.166,75.0065,82.9164,99.9705,101.023,85.1094,77.0657,114.649,113.234,82.3494,91.3978,17.8061,95.2987,77.4833,97.8581,59.48,80.302,58.7653,80.4234,74.9161,81.7712,82.3626,48.7252,54.2407,87.8331,84.2686,119.494,89.0712,106.593,58.1951,97.1401,102.558,65.2667,78.7545,117.949,125.138,108.41,98.6757,88.5064,88.5363,151.525,100.949,99.8916,84.5446,63.2813,92.8107,45.0664,111.358,102.839,102.438,73.3831,113.31,90.6873,134.466,99.0649,63.5555,105.053,143.64,87.5684,87.7059,71.413,107.621,157.479,100.177,134.518,97.9289,93.7784,113.199,106.289,111.835
0,0,102.772,3.0425,18.2366,83.6614,82.4909,72.3977,61.1714,92.3684,83.6913,52.5711,65.5451,122.02,73.6574,78.692,69.6539,66.2565,99.7173,100.366,109.228,83.8921,74.8179,71.8422,59.7317,113.469,116.795,123.159,106.82,123.91,109.885,117.006,119.464,82.7673,91.6321,94.4584,81.99,81.6862,117.49,121.292,84.1757,127.599,116.708,127.778,116.381,142.527,106.359,107.556,100.53,85.7193,102.114,108.553,98.6322,112.764,129.693,106.542,157.431,96.761,139.507,137.013,100.063,95.3478,126.412,134.288,108.414,123.744,126.586,144.574,131.938,120.079,129.421,117.45,127.192,145.248,141.379,123.026,119.765,108.354,153.259,161.842,112.988
0,0,124.486,2.00954,31.4238,133.628,158.148,142.015,86.4672,157.34,92.952,74.759,146.847,115.229,160.649,87.4919,106.126,119.875,53.4568,152.224,125.369,102.077,99.9427,93.3128,168.942,121.869,98.3753,92.5934,120.515,120.478,117.089,108.019,133.638,176.599,143.001,143.424,135.901,156.475,129.842,110.351,98.2072,130.623,121.269,123.368,168.303,120.156,161.462,219.665,165.608,138.689,117.014,150.568,113.65,106.45,134.07,149.542,161.933,157.746,147.674,176.318,117.856,95.4985,117.69,178.514,123.257,161.302,103.621,147.558,126.059,109.679,167.404,131.121,145.374,128.286,149.151,160.051,149.058,81.2308,135.641,97.4215,182.199
0,0,138.568,1.01903,19.3287,149.89,129.699,141.965,138.61,100.681,106.548,142.242,113.607,167.893,92.2737,154.669,128.613,156.101,106.908,148.259,141.268,162.456,153.616,131.713,110.193,113.492,148.496,145.224,167.126,128.737,170.303,152.099,130.989,171.158,129.361,166.052,168.764,157.438,132.287,98.8663,141.607,159.158,146.223,169.16,144.967,114.827,123.442,173.56,108.985,155.108,177.634,178.816,152.429,144.661,110.699,142.469,136.776,145.69,133.973,129.584,144.678,183.644,137.584,141.076,132.163,115.667,144.855,116.628,154.438,112.677,184.811,136.336,124.819,173.852,150.442,180.535,157.798,136.837,151.733,140.335,113.877
0,0,112.104,7.01508,19.6943,76.9996,69.9955,77.2946,48.5684,49.9478,91.2734,39.8509,60.1571,55.1096,55.7227,66.9264,23.7622,55.694,73.7983,124.884,112.83,88.4747,89.5061,77.4026,96.0275,117.211,96.9317,86.7661,75.7931,106.228,127.419,116.572,93.7309,102.644,94.0398,85.1452,94.3465,118.186,108.371,114.169,128.513,101.481,102.982,96.715,127.168,152.956,124.884,128.056,115.08,130.321,123.618,181.521,149.074,161.808,104.231,140.395,140.569,122.033,140.417,165.398,129.247,140.395,169.844,160.231,149.148,173.398,158.316,158.758,134.114,129.544,170.94,143.219,175.734,159.401,161.586,143.132,167.375,149.582,197.837,173.409,185.578
0,0,109.499,0.885042,28.8204,78.1103,84.386,146.492,93.2292,130.59,70.0624,125.934,111.46,108.746,116.613,99.4054,119.782,140.679,127.257,112.087,58.5263,-2.15539,123.628,77.3505,108.046,95.1005,103.83,30.1944,98.7455,108.641,73.8158,79.3346,100.13,134.092,124.804,142.565,70.5469,106.484,125.684,130.667,109.05,145.324,93.8526,121.939,107.399,121.932,131.831,144.16,81.5509,89.6372,94.3611,84.0494,128.974,186.04,100.812,180.354,127.118,117.598,206.379,96.3344,121.324,143.134,112.356,101.728,85.9801,123.533,87.1978,95.7238,101.899,118.87,106.483,102.792,114.198,96.7147,79.2305,146.3,126.798,61.2863,119.207,145.859,134.222
0,0,92.5383,0.105363,9.52073,93.2773,114.398,92.9999,93.579,110.039,65.7419,95.0485,87.8672,92.0192,99.8311,89.8678,82.9949,97.4814,101.141,86.7191,93.4582,103.149,80.9808,89.4074,88.3462,91.3416,89.9699,86.1418,91.0273,100.321,107.022,91.3352,97.2916,99.8543,90.5613,99.2491,98.6882,99.914,106.43,101.491,90.0785,92.9383,96.8338,85.3751,78.0303,87.6165,93.5171,94.6134,93.4369,92.8555,94.0805,105.493,98.3404,93.2691,96.3298,94.0456,104.906,90.7498,92.6673,81.8111,74.3966,89.2473,94.3618,91.2183,105.569,89.1537,91.5793,94.4726,83.8361,98.2954,91.674,97.1104,94.5209,93.285,75.6028,93.4648,84.322,85.0926,97.0334,89.8122,90.0013
0,0,74.7462,0.560799,12.0519,87.8153,68.0434,65.2529,88.2401,76.0775,72.4856,72.689,67.7697,90.0277,82.0689,82.0168,72.9121,88.8941,79.943,72.9686,70.776,67.168,102.838,62.3362,47.3894,76.305,99.5777,70.5235,70.6894,74.4326,83.6443,73.6242,64.6194,69.5867,86.7455,63.6855,70.8904,88.3015,62.9479,100.489,70.6408,93.5968,81.8846,88.1397,76.5702,69.6446,74.1852,102.772,55.3781,64.7725,68.6611,84.7496,62.2279,61.3831,73.8628,86.3988,89.7696,67.2661,64.8097,94.3377,96.835,72.0928,63.2851,68.9355,77.9507,65.1977,66.8903,81.3106,89.5304,62.8278,89.9927,87.7274,67.53,86.1444,82.879,60.5875,84.5399,81.9803,53.5181,94.697,61.8126
0,0,102.452,0.322482,60.0076,172.591,131.969,110.039,109.419,6.50825,73.1551,4.81864,140.57,108.714,109.289,4.4324,84.3902,-24.2416,104.775,149.489,90.9389,165.44,86.0485,165.084,89.5794,99.104,98.1681,50.173,159.504,99.3656,80.8051,126.866,32.4094,141.337,181.296,174.19,104.483,209.512,96.9534,180.148,116.58,95.1806,120.773,12.0101,133.867,79.7168,159.8,7.40482,-28.8312,211.614,121.785,14.4189,57.5309,11.7409,66.5411,176.287,163.695,128.852,0.445451,79.0465,60.0111,112.935,20.9683,105.846,129.4,150.934,130.086,92.3698,48.8043,106.849,66.3939,130.722,60.4228,283.412,57.5668,78.258,42.435,40.7493,45.0721,158.083,122.976
0,0,100.162,0.795557,4.0322,90.4584,99.8589,95.0088,99.0474,98.2272,100.069,101.231,96.0648,99.566,94.1189,102.04,97.3903,99.692,96.719,97.4702,99.2083,96.5897,99.9532,96.7126,91.1181,95.782,90.9195,106.329,95.3902,103.001,101.301,103.775,101.982,94.7227,102.183,103.355,91.9151,98.4452,93.7131,91.0524,98.1694,95.9522,96.2951,99.4948,96.8443,101.812,104.083,105.653,99.8459,98.5459,93.8558,101.184,98.1804,102.767,97.6166,102.781,99.2247,101.87,111.622,100.343,93.9387,104.786,106.636,103.204,106.428,101.392,105.866,106.633,111.887,105.347,110.661,105.283,98.0976,110.961,108.917,106.395,102.979,104.5,111.438,105.473,110.132
0,0,108.426,3.02247,1.0582,88.9594,88.9756,89.5183,87.9169,88.6908,90.2828,91.4929,91.1761,90.8389,91.7867,92.0498,96.4362,96.1024,94.8861,96.0247,96.6781,97.8905,96.4084,99.5958,100.771,98.5525,100.78,101.513,102.8,101.008,102.6,103.391,102.215,105.445,103.34,106.699,104.635,105.67,107.967,106.657,108.314,108.606,107.284,109.337,109.03,112.273,112.326,112.292,112.525,111.991,113.103,115.348,115.627,112.867,116.899,117.8,118.625,119.114,116.912,119.75,117.53,120.39,120.076,122.347,121.041,124.141,124.85,124.019,125.659,125.899,127.337,125.444,128.298,128.439,127.454,129.167,129.462,128.358,130.798,133.54,133.067
0,0,127.478,1.30901,23.7896,118.391,165.382,111.999,146.202,71.1539,117.736,137.208,106.573,152.662,128.274,107.064,143.115,92.8846,140.109,98.6123,138.631,105.389,162.77,150.138,140.928,124.894,143.703,108.071,125.995,157.198,110.205,135.621,112.043,135.692,122.166,118.109,132.131,148.131,128.905,97.8175,153.795,120.741,103.003,98.5709,130.092,144.098,89.8063,119.107,122.121,111.65,150.197,137.903,129.194,114.889,91.7687,134.797,179.705,98.2343,121.625,124.753,82.8784,138.444,121.72,138.061,157.526,164.205,146.547,130.661,130.072,179.905,126.374,77.6646,141.793,169.068,103.383,170.967,141.452,139.088,86.3998,120.034,119.379
0,0,97.3206,0.604104,0.206205,93.0136,93.0137,93.3837,93.2893,93.6813,93.4981,93.9538,93.858,94.0859,93.7575,94.2776,94.4875,94.3868,94.913,94.7194,94.9576,95.0267,95.2654,95.2899,95.19,95.3087,95.2231,95.6268,95.4401,95.9733,96.2124,96.1276,96.2121,96.6094,96.4785,96.7177,97.0281,97.1871,96.8828,97.095,97.5127,97.4291,97.3629,97.617,97.7858,97.9012,98.1669,98.3488,98.047,98.4393,98.6196,98.8364,98.9156,99.2183,98.999,99.2955,98.9555,99.359,99.5665,99.7481,99.7255,99.7175,100.183,100.001,100.207,100.389,100.535,100.723,100.772,100.998,100.642,101.186,100.8,101.139,101.615,101.743,101.48,101.525,101.886,102.311,102.017
0,0,91.6669,2.56954,12.1156,83.1007,77.037,74.519,87.9522,77.7142,83.8764,67.1175,76.7779,57.7397,77.6342,88.2142,62.3031,70.9103,75.524,76.9468,94.2414,93.4765,80.9615,86.5193,97.7494,72.5199,78.0852,73.7625,76.6831,100.442,96.3473,69.661,86.0052,77.809,67.4035,85.6898,94.227,71.2743,88.174,94.2344,80.3534,91.9888,103.893,86.8898,105.515,89.6431,117.362,117.239,108.68,88.2279,64.2539,101.01,80.4998,103.396,96.5785,92.3555,90.4268,88.4295,98.9177,103.604,107.094,109.401,92.6857,110.674,107.798,91.6778,110.321,98.1074,120.908,118.829,106.56,98.2096,82.8709,101.61,91.1296,94.7411,105.447,93.0179,120.457,102.145,108.693
0,0,126.943,4.00703,6.71015,92.6834,93.1535,113.923,111.257,98.1539,104.701,104.815,101.691,110.138,106.151,106.98,109.729,118.243,112.024,114.984,112.248,108.137,109.818,118.745,116.3,113.628,110.727,120.371,120.453,113.971,121.688,120.495,129.713,123.242,130.378,127.957,127.03,122.488,124.216,118.834,119.616,124.799,126.653,127.855,129.996,133.55,129.118,127.663,122.042,140.922,137.859,126.947,137.533,136.905,136.422,133.732,113.623,140.573,145.327,143.59,132.8,147.331,135.596,140.347,144.401,135.525,146.828,127.688,139.387,148.186,150.682,149.462,148.089,161.946,147.9,143.324,157.279,161.649,164.915,156.831,158.673
0,0,111.729,0.26108,15.1315,140.415,104.388,107.348,115.572,93.7682,124.466,96.4787,104.709,128.254,118.783,101.767,105.735,105.084,105.549,92.8336,113.713,108.854,117.809,120.875,101.413,127.809,99.3031,103.137,106.788,114.74,124.047,106.646,106.485,124.61,112.169,100.945,122.084,132.621,110.827,131.447,131.235,123.678,119.975,115.685,95.6276,138.246,112.714,108.982,118.824,103.53,97.1078,115.937,83.3696,109.276,104.51,92.3878,111.425,101.769,125.249,141.688,82.3885,95.705,116.666,111.49,81.9546,125.077,112.526,117.907,116.944,124.272,110.193,92.9536,125.347,124.577,113.613,121.679,116.681,132.311,113.414,125.878,110.832
0,0,131.437,8.92666,6.51022,67.2486,62.319,70.9094,74.7183,75.1184,70.8225,82.5049,77.0344,82.2675,84.1838,80.191,84.2895,86.7505,92.1701,96.9827,96.3986,103.684,97.6527,102.47,113.441,99.0401,102.897,104.139,105.09,108.409,118.22,117.326,101.648,122.244,126.728,118.244,115.769,128.497,111.472,135.292,137.196,121.17,142.782,135.102,142.172,139.312,139.383,132.221,150.097,144.142,149.019,157.274,155.802,150.919,147.353,156.231,149.5,166.59,161.122,160.49,168.119,178.512,168.688,177.618,181.076,176.823,184.27,184.4,176.508,186.568,184.906,194.416,196.679,186.514,201.512,182.858,194.818,204.101,201.678,204.529,208.364
0,0,118.394,1.24022,84.5355,42.266,30.4308,107.889,141,98.7813,95.7234,119.223,14.4886,67.9352,85.8886,90.9092,0.143701,118.835,176.268,232.739,182.476,81.0764,220.43,222.358,84.2835,116.654,188.599,81.1514,-20.858,-40.3635,252.595,183.216,305.753,75.9819,108.886,28.8811,79.1741,-113.602,156.415,179.214,125.629,-60.1488,254.144,267.551,66.0259,176.103,104.118,165.602,113.885,223.769,161.928,147.234,294.076,52.3326,179.742,75.2155,174.701,66.3023,90.6357,206.591,130.31,183.564,131.334,-8.32186,274.821,-61.9646,121.622,180.096,49.7735,279.86,80.819,172.3,107.375,121.855,167.732,56.3384,177.726,127.515,-28.3957,326.47,75.8557
0,0,109.5,2.23724,31.3002,126.93,169.724,133.157,68.8466,120.806,64.4231,89.5001,98.5439,128.336,120.607,114.152,90.2615,134.937,83.691,88.6443,79.7889,74.6215,122.566,67.1453,107.117,41.5479,81.2135,101.43,107.037,145.256,109.01,139.545,159.6,126.136,95.4619,100.044,84.0468,78.5456,51.7269,59.9643,75.8939,116.887,125.634,82.2958,101.337,91.9404,52.8175,75.5359,114.189,80.5714,119.889,92.7523,131.487,113.029,91.837,107.746,148.689,141.13,148.485,94.2721,107.311,100.097,38.0995,134.357,153.145,128.051,165.591,134.281,76.1421,217.56,82.8736,118.969,111.366,107.462,114.733,124.265,147.071,98.5011,169.606,132.715,174.373
0,0,103.934,0.0998071,13.6642,101.784,96.9739,99.8462,100.819,98.484,74.6301,111.586,109.175,97.7363,94.7352,125.626,115.531,95.5692,113.233,99.2312,112.637,122.554,94.4721,110.167,94.4085,124.705,113.487,116.97,104.731,106.323,108.808,106.968,115.544,108.817,84.052,122.494,112.437,89.0023,92.477,114.892,114.729,131.659,94.2682,81.0372,117.229,103.17,117.684,97.467,127.072,110.903,128.529,129.56,125.297,85.5406,95.6643,105.972,116.297,89.8379,101.436,104.267,71.2233,113.895,99.9309,96.4386,97.6802,111.918,89.361,108.975,75.3733,121.293,80.3825,97.7823,106.423,85.9822,109.049,113.289,86.5163,101.065,89.6872,135.712,90.0674
0,0,110.893,1.72846,0.0458496,98.7341,99.1394,99.4311,99.8492,100.092,100.487,100.865,101.226,101.461,101.907,102.25,102.564,102.926,103.237,103.596,103.938,104.351,104.601,105.022,105.36,105.703,106.06,106.405,106.709,107.019,107.438,107.752,108.012,108.431,108.786,109.129,109.443,109.836,110.086,110.547,110.923,111.251,111.499,111.89,112.286,112.581,112.938,113.336,113.662,113.971,114.309,114.654,114.956,115.307,115.718,115.981,116.338,116.69,117.033,117.479,117.737,118.179,118.436,118.791,119.132,119.56,119.806,120.172,120.501,120.88,121.199,121.548,121.935,122.246,122.581,122.849,123.269,123.644,123.929,124.364,124.711
0,0,85.135,0.53689,7.49835,82.6842,96.6088,77.958,69.1557,91.4831,81.6553,71.3323,97.2105,76.4257,85.2441,85.993,71.517,82.2405,69.1725,76.0934,80.1992,79.9363,104.803,87.0872,88.9603,86.9306,100.279,78.9678,90.9133,85.4476,83.5485,91.8756,90.2514,76.5846,79.9442,94.3864,84.5765,84.3945,82.5261,95.3691,97.6653,86.2149,77.9496,86.6257,72.8172,84.4568,87.0097,81.4694,81.549,71.8924,83.3129,88.5988,78.8658,74.4457,82.1229,77.5809,94.5268,73.4954,81.9201,89.5042,91.4961,86.0584,92.778,93.1922,84.9651,76.0517,100.394,98.219,78.5772,90.3555,103.547,88.961,87.7483,96.0817,93.157,91.5994,80.4151,94.5555,95.5413,89.7535,115.553
0,0,84.7075,0.389249,62.4353,-14.6621,28.1097,48.8737,59.4772,40.6965,83.7415,79.4824,38.1215,92.1381,8.67496,21.0524,126.001,103.222,95.6644,-22.0874,16.7395,119.345,34.4707,136.935,82.429,139.121,19.0937,32.1078,67.5399,143.734,170.61,89.6995,165.42,122.661,91.9508,46.322,80.2167,93.6838,122.857,90.9585,87.489,9.39031,106.013,120.074,105.68,15.2197,133.577,78.4631,147.629,115.914,103.05,121.167,88.0773,116.215,42.8496,142.527,4.4464,86.0551,66.659,154.121,-6.56638,71.5199,91.6776,-101.957,43.8146,40.6465,118.567,143.173,72.8379,141.603,97.7646,0.0578756,135.053,147.502,58.5607,81.789,140.377,61.0722,113.849,132.196,17.124
0,0,121.199,1.15024,22.2026,134.718,72.3965,110.149,96.9923,90.372,141.412,151.076,97.6265,133.41,116.908,139.256,136.597,142.112,106.352,120.521,119.731,121.125,86.131,157.402,103.626,125.347,89.3803,120.935,147.237,107.152,153.775,118.704,107.892,180.616,99.256,124.4,147.09,131.769,107.472,119.964,88.9348,121.039,131.513,112.424,112.013,87.8568,72.8705,111.585,93.936,117.324,113.329,79.5322,127.357,135.869,137.565,119.76,162.696,157.864,115.491,117.398,97.9142,143.784,117.087,180.188,127.211,115.916,136.633,132.591,122.939,114.701,139.818,129.841,178.898,140.49,140.918,114.292,91.231,133.755,162.291,146.048,138.207
0,0,90.2225,0.304829,30.0507,77.8903,85.2738,81.9079,33.3283,82.1144,86.7025,95.4367,114.425,132.499,117.823,90.0416,119.197,71.4259,121.013,100.003,106.579,40.1312,79.4201,70.7919,117.736,94.951,54.6355,108.43,86.7629,109.721,79.0029,122.131,129.69,71.9198,114.663,90.8872,65.7752,54.1697,70.0498,102.548,85.5679,130.988,110.931,93.0723,53.2662,82.1527,123.354,54.6368,124.608,114.052,93.7206,37.6518,113.863,77.7315,116.842,67.604,145.379,48.6985,106.121,24.9585,75.1942,72.9566,85.3181,125.437,53.7656,49.7877,65.3716,89.114,94.3499,79.224,93.1207,62.1544,117.375,158.588,62.9249,57.2901,73.6863,74.6611,119.066,48.1014,81.1745
0,0,90.0428,0.379672,2.74289,84.443,85.255,82.5285,89.2958,90.6266,90.8346,86.9052,87.5755,83.4671,95.2604,86.0135,90.3581,89.6172,86.4128,90.1261,92.0226,88.2612,85.5647,87.655,91.8093,89.7229,91.5965,88.3064,94.8691,95.0018,87.7744,84.9807,92.4349,86.2656,83.4857,90.876,89.0655,94.7768,87.0198,91.5892,86.7638,92.5788,87.786,94.6891,89.4807,89.0977,94.2324,90.4627,90.4441,93.1807,90.2961,92.3138,87.2989,91.2718,94.0449,90.4001,94.1237,95.2621,87.9831,89.3685,94.3665,91.5381,92.9688,94.9129,94.2148,91.6279,95.0969,94.676,95.6183,89.7353,93.0225,96.9004,95.3051,88.8295,89.1101,94.9181,98.6149,93.269,93.1116,96.3987,94.6903
0,0,110.528,0.585075,1.71043,107.954,106.873,104.223,105.772,106.434,104.473,105.223,106.14,106.565,107.006,105.77,104.953,106.512,108.017,106.578,110.145,109.435,108.579,105.986,107.431,108.685,109.393,107.001,111.457,111.411,109.866,111.482,110.956,111.474,110.895,111.041,109.465,112.001,112.287,110.132,109.243,110.578,112.418,111.724,110.286,109.16,109.984,112.047,110.098,110.534,108.178,110.93,112.413,112.034,112.111,110.842,112.696,110.198,110.42,112.695,113.117,111.543,112.404,110.939,115.368,114.759,112.52,112.792,113.317,114.342,111.282,110.726,115.273,115.462,115.935,113.848,112.811,117.658,114.284,114.737,112.847
0,0,115.649,1.21776,3.67667,106.725,106.605,103.04,104.987,106.181,106.715,109.493,109.915,112.646,107.506,115.525,112.007,102.678,108.957,108.846,115.38,106.758,111.516,103.205,109.91,109.791,112.88,116.379,112.457,106.441,111.924,110.337,115.808,114.108,117.421,119.075,117.619,115.702,117.65,122.985,115.42,109.718,114.257,115.807,113.706,114.282,112.414,119.288,113.445,118.993,117.472,117.289,120.451,114.231,114.22,113.535,110.563,120.513,124.258,117.798,119.381,124.12,127.084,120.967,116.178,116.638,120.07,117.648,117.823,120.459,126.49,116.786,119.056,123.351,126.98,122.43,123.649,121.215,127.007,123.713,117.122
0,0,81.1127,0.741281,24.592,120.429,63.6689,54.2368,91.228,53.8273,85.6356,82.8359,59.3644,83.5539,47.6218,107.816,105.489,48.0719,98.1114,75.5701,78.1493,70.5687,117.052,52.6473,80.9301,114.618,78.2837,70.2843,105.174,65.4321,38.8959,82.089,41.2848,82.9844,97.1717,43.4892,75.7978,57.1363,119.294,117.835,83.6401,64.7389,99.4378,112.104,175.471,85.8249,54.6728,109.133,127.873,87.3679,103.588,84.1701,106.211,87.4002,98.9758,71.4671,91.886,105.291,83.7539,106.841,92.3459,89.5577,64.1362,66.5327,82.0551,74.0352,92.3038,52.1352,96.9856,61.4248,73.0467,121.078,76.38,101.392,95.5551,76.6418,102.008,91.9212,60.2846,109.323,62.4812
0,0,101.397,2.1082,25.2357,57.1837,105.735,74.6781,77.4099,140.49,117.345,108.205,88.3091,64.3209,75.4212,105.751,96.2625,86.5464,104.532,128.294,74.6684,112.72,109.052,42.7926,92.3101,86.0972,105.327,55.455,82.9048,92.2969,101.207,140.436,143.088,68.4751,108.245,82.2207,101.184,143.443,120.367,46.3972,65.3847,116.701,95.9561,103.273,62.9104,69.5719,105.398,94.5726,131.034,49.2993,93.0557,120.46,112.814,68.6109,151.901,106.427,63.7282,127.985,129.355,159.739,97.801,142.574,80.4685,93.845,96.8594,150.654,104.336,93.6494,107.191,145.002,97.4015,122.973,74.9987,100.207,129.206,124.822,75.7557,73.7929,94.4847,125.413,144.418
0,0,126.632,1.54384,12.4593,115.124,119.155,138.334,121.202,127.043,108.654,91.6201,130.681,118.938,149.386,113.856,137.116,128.283,119.165,120.296,103.036,127.878,126.641,134.086,144.488,145.367,113.108,126.157,119.904,123.06,137.382,140.16,105.681,126.344,148.741,103.674,122.255,146.902,115.521,105.323,123.587,119.388,117.186,132.535,140.171,106.31,119.969,132.536,119.814,115.546,123.834,125.432,122.932,120.645,143.147,111.791,128.823,127.572,123.444,137.977,126.639,129.337,146.589,143.958,124.074,138.988,109.638,128.877,127.78,140.515,135.221,122.448,152.339,158.716,140.352,140.278,146.252,147.611,138.945,128.584,132.64
0,0,116.408,2.69867,15.3868,106.465,96.9296,89.453,113.982,79.6485,70.5953,119.977,100.786,88.5517,105.674,114.702,91.1785,97.8281,101.495,110.734,116.934,137.686,92.0435,116.104,105.475,125.859,77.1208,115.698,107.373,111.891,121.349,119.113,139.773,132.176,116.881,137.397,119.551,113.458,114.795,94.3001,106.76,121.666,142.433,116.703,104.179,118.383,101.03,137.817,114.418,133.11,125.416,138.315,105.871,129.066,101.641,132.272,125.306,132.046,131.741,142.22,115.082,140.025,122.895,130.05,124.294,165.852,137.542,136.172,137.1,110.148,157.834,133.316,137.514,141.155,113.007,125.924,161.771,101.319,109.121,157.053,127.956
0,0,128.764,0.903081,0.0122839,122.401,122.565,122.787,122.953,123.137,123.314,123.497,123.69,123.87,124.029,124.225,124.412,124.567,124.766,124.948,125.137,125.318,125.485,125.659,125.886,126.049,126.2,126.395,126.56,126.753,126.946,127.112,127.289,127.462,127.678,127.829,128.001,128.203,128.373,128.563,128.752,128.922,129.099,129.265,129.463,129.641,129.812,130.005,130.192,130.378,130.542,130.734,130.913,131.112,131.281,131.438,131.661,131.833,131.984,132.19,132.344,132.528,132.695,132.903,133.074,133.277,133.438,133.612,133.81,133.978,134.151,134.354,134.51,134.728,134.889,135.066,135.236,135.405,135.598,135.789,135.98
0,0,71.6377,1.76808,38.2181,106.122,82.9991,56.9572,147.866,40.8371,91.9689,118.935,121.051,74.0505,27.5001,184.393,4.85698,28.6598,15.802,106.98,66.9654,34.885,132.181,87.115,78.5694,63.4819,33.8791,69.9721,116.213,119.492,54.6582,133.818,13.171,0.942191,97.215,59.4711,159.699,112.91,28.6996,40.6718,49.7682,126.983,63.0614,42.6988,120.516,12.5174,58.2254,45.1285,106.264,60.0835,107.269,83.3836,53.6372,9.59827,113.311,81.2423,69.0331,105.858,-45.1141,110.8,89.6819,37.4951,79.4341,115.594,54.0742,111.781,102.143,21.3012,76.7665,86.1359,63.5053,87.4979,39.2209,36.6495,114.693,111.257,61.4511,75.7809,53.6269,75.8235,49.0256
0,0,139.33,3.78062,15.527,111.242,87.7465,96.3493,121.304,161.211,122.842,153.786,107.786,117.866,133.614,120.659,121.629,129.784,150.255,128.519,116.988,109.368,142.474,126.835,148.424,95.3992,120.914,116.07,147.19,148.618,148.753,120.891,139.123,119.162,130.138,147.376,159.455,123.829,153.201,131.021,142.68,152.243,138.061,148.414,135.37,130.027,161.908,158.535,138.189,123.242,129.171,150.094,147.24,170.295,142.115,165.5,126.486,141.165,167.858,157.056,164.692,155.469,187.884,153.49,170.03,190.806,196.807,139.06,150.9,162.135,166.13,167.944,163.472,159.129,151.26,140.28,186.43,140.955,142.519,191.115,186.373
0,0,102.335,1.11646,25.7605,91.6445,88.0158,66.8256,66.3424,95.0171,95.5603,106.137,101.864,80.4716,117.107,54.8965,67.7358,84.1734,112.477,82.1025,135.912,125.648,154.653,82.0894,123.275,130.392,52.9991,132.554,83.9153,95.4762,69.788,73.6646,124.492,111.546,108.488,113.777,97.476,122.626,92.6208,87.9653,48.1884,118.163,102.125,84.1062,84.1646,120.463,94.8655,119.672,102.97,112.489,74.7591,153.741,128.722,66.4502,97.3574,111.771,106.327,32.9922,93.899,78.6435,68.2397,124.348,71.7799,108.773,76.1153,84.0365,83.4664,61.2734,92.2588,114.044,95.2517,98.7848,110.223,135.649,83.3494,78.516,90.8632,93.6607,106.633,83.7286,154.046
0,0,107.73,3.1512,14.965,78.207,72.1378,92.9335,102.668,82.6756,91.2543,61.8918,95.6143,71.8842,82.959,85.2101,115.575,104.12,82.066,81.4064,89.4958,103.331,103.86,107.393,85.2463,83.2957,83.1873,94.7127,92.9792,113.351,94.6278,84.1825,106.673,109.279,85.7031,118.647,117.929,100.537,107.959,97.9063,79.2201,118.912,99.7055,102.358,101.32,106.214,110.27,134.704,103.722,90.4744,82.215,114.963,119.666,120.87,131.499,132.573,163.094,113.452,117.436,154.695,115.798,116.015,111.411,109.678,131.532,140.737,122.332,120.108,119.437,144.279,132.597,142.065,124.8,137.096,142.565,148.093,121.71,121.853,131.648,141.086,133.758
0,0,102.628,1.30451,7.76878,95.1029,95.7931,103.911,99.2178,92.0493,90.8708,74.6047,88.62,102.501,90.4878,100.718,115.89,96.9916,97.1086,98.3494,92.9944,107.518,103.24,97.7755,90.0595,101.946,100.409,106.624,85.753,104.512,114.326,92.5549,106.814,100.328,100.639,115.613,109.518,103.217,98.2692,112.021,105.922,111.537,93.3969,102.387,97.8944,114.128,104.075,95.7828,103.595,110.064,100.122,108.569,113.816,107.264,105.109,113.025,108.943,105.021,106.116,102.253,107.825,100.438,108.948,111.35,100.871,100.142,112.33,104.963,105.577,101.701,115.332,118.254,117.017,111.506,104.856,110.624,112.92,105.89,105.743,107.922,118.522
0,0,51.7297,0.231671,10.7775,39.0644,34.821,53.5036,50.5762,36.6483,58.6887,61.5958,65.9182,63.3213,46.4873,40.8961,68.2118,45.7906,44.2937,55.49,50.5143,52.4539,48.9034,45.2375,48.6371,49.2914,66.8343,41.2064,63.7656,39.4524,56.7409,51.6414,62.4487,67.0302,57.6324,40.6907,59.5358,39.1792,51.2979,43.5398,55.1054,46.601,64.9879,55.9429,56.0242,54.7234,53.4228,57.7195,40.045,42.5579,45.2861,75.859,57.3622,58.7407,50.5592,43.4258,67.6609,42.6052,47.79,45.686,51.1591,53.9279,45.2889,38.5754,34.2092,34.1162,59.2741,47.2681,70.7991,49.8775,68.8062,53.2428,60.0085,37.9497,48.7995,51.0147,58.5241,58.4796,61.3917,27.3846,55.5002
0,0,126.238,0.629451,41.211,139.709,95.6504,77.8816,114.836,127.95,119.627,104.963,91.4804,68.2527,57.6152,177.427,125.03,126.36,128.787,152.248,225.102,62.5286,134.9,68.7659,187.266,143.93,95.7974,128.487,84.5273,118.115,156.846,194.961,144.745,114.746,66.587,138.854,169.882,149.043,128.811,83.3443,180.914,139.97,70.6701,39.7714,57.4003,126.006,190.8,73.1574,114.783,82.1246,129.124,37.2074,136.925,164.47,183.215,74.7944,78.8522,110.89,131.148,101.843,164.723,117.397,151.754,14.8395,85.1695,42.0434,139.308,132.244,146.645,186.141,160.441,133.634,130.479,121.604,165.941,98.5563,235.189,151.369,211.337,119.489,124.087
0,0,103.363,4.81418,5.96325,60.3415,72.3326,76.5122,65.2124,71.4889,72.7836,70.9534,81.9123,77.5864,83.1016,76.73,79.5705,77.0822,74.1913,83.7094,74.2747,85.2904,80.3978,87.0802,82.1783,91.762,96.3394,93.9341,93.4613,96.5848,92.8734,94.3366,100.56,94.3454,99.7661,103.23,98.0578,89.3822,114.619,101.133,107.618,111.162,100.79,99.638,107.461,104.272,108.494,102.592,110.705,113.291,120.564,112.899,109.986,109.464,115.964,120.477,131.37,124.1,126.311,113.267,126.997,116.777,133.348,130.836,118.661,139.435,129.952,120.397,129.482,132.928,131.316,123.051,125.564,130.323,144.89,136.723,129.759,130.682,144.804,141.005,137.403
0,0,118.62,0.49738,20.2885,131.547,95.0592,104.063,119.986,128.895,114.387,135.554,118.173,147.625,84.8432,97.2827,102.876,106.149,88.7093,97.872,111.602,72.803,140.558,104.569,105.827,98.9282,113.992,118.551,113.681,125.231,121.57,145.815,117.456,132.133,106.246,94.849,101.417,139.838,111.599,109.892,165.958,87.2277,131.692,125.516,102.604,115.751,145.252,136.044,113.857,99.1998,100.057,152.813,133.527,118.655,110.507,170.866,131.007,96.9761,145.175,131.141,115.348,127.865,137.712,125.828,104.57,104.074,123.501,114.06,121.302,144.198,146.216,130.067,114.978,102.487,82.1398,115.003,136.903,133.801,136.564,169.43,155.007
0,0,90.4899,0.239711,1.25905,89.8083,89.7595,88.6242,90.9655,90.4079,90.1547,87.5846,89.2922,87.4628,90.2887,89.7491,89.6436,88.9636,91.0817,89.8755,90.3594,89.67,89.3408,88.1168,90.3591,87.0077,88.205,91.5955,88.1593,91.1824,90.6932,87.639,88.0882,90.9823,91.6704,90.2359,91.4167,90.3289,90.1829,90.4555,89.1453,91.5676,91.6943,90.7201,91.3868,90.6775,89.6531,91.0413,90.7183,91.0948,90.2585,91.5611,92.2768,89.3833,90.1149,93.4096,91.2884,92.9702,91.6981,91.2744,89.6787,91.4871,93.5493,92.5063,91.7327,91.3756,91.3916,93.9205,90.5338,88.2913,91.5749,90.5552,93.5629,90.3622,95.4977,92.3231,92.3272,93.77,89.4436,91.7168,92.5224
0,0,82.4282,1.06976,24.651,69.8725,60.869,55.2682,92.4436,108.081,85.7245,62.6683,17.4331,71.9983,47.971,116.632,101.134,125.024,65.315,80.2303,89.3691,73.9667,104.285,120.085,93.2502,76.247,61.7282,48.7881,132.689,102.538,30.7567,81.7397,97.9588,83.7098,60.7138,88.9184,96.8052,100.456,63.3759,63.0011,93.814,121.852,94.4662,109.238,40.3462,141.849,66.9155,75.515,36.4535,104.114,92.2669,63.9982,81.9883,55.6986,82.2218,125.814,128.188,86.525,75.066,60.3249,65.8441,71.3386,117.349,46.3326,83.527,101.874,69.3092,60.9507,140.451,92.5369,78.7922,118.737,110.705,83.4114,72.5046,95.3145,90.5694,59.7053,105.228,119.869,45.7027
0,0,109.498,0.57204,7.84296,102.511,110.261,115.561,117.725,109.679,97.8452,110.877,104.29,95.0975,118.45,95.3286,114.533,118.441,121.892,97.6727,111.702,112.5,105.978,110.451,118.269,116.767,99.844,113.244,101.433,102.309,114.951,117.642,122.633,102.869,105.321,105.216,109.124,108.881,107.167,112.29,108.165,95.598,107.161,108.246,122.441,118.798,113.104,87.0859,105.776,106.994,117.02,104.214,125.822,124.137,108.619,104.558,114.244,127.579,107.763,123.499,118.341,114.027,103.55,112.21,108.081,107.389,107.877,122.334,113.052,106.276,110.598,106.53,134.985,118.31,118.342,121.268,118.915,125.135,105.977,101.824,115.533
0,0,115.182,0.821294,8.65903,122.331,124.746,122.455,111.395,122.507,116.663,111.233,125.48,119.781,107.144,91.4162,112.43,126.487,110.864,112.175,103.692,124.387,89.9878,104.755,125.027,108.306,121.553,113.46,119.992,121.869,118.553,114.302,110.51,105.99,120.545,115.139,119.443,123.242,113.578,111.918,116.892,103.37,125.639,114.697,110.694,106.546,129.497,116.698,111.551,105.042,108.103,114.914,125.309,128.517,114.521,123.737,113.714,132.969,130.673,117.38,128.257,115.676,120.291,119.513,116.845,111.895,115.183,121.269,127.124,114.181,120.378,130.645,104.782,124.775,139.924,125.83,123.225,124.362,121.893,131.702,111.84
0,0,121.861,3.48984,20.8934,82.2028,85.3009,129.24,90.2186,115.009,102.392,124.488,94.605,110.33,83.4337,130.019,111.083,95.3826,115.037,131.073,160.311,144.963,105.861,164.005,112.58,116.877,118.528,87.8971,115.267,127.251,116.995,148.813,152.168,132.918,113.03,133.599,119.747,98.1312,129.331,123.659,121.794,118.279,117.366,134.378,134.796,114.843,123.21,114.605,123.467,116.902,138.269,95.3586,107.02,115.89,135.151,122.376,132.202,121.13,108.839,102.259,126.512,129.403,154.593,170.25,85.3978,123.93,139.246,126.127,168.724,172.361,149.849,167.617,147.788,149.763,125.961,139.878,142.91,170.932,128.785,143.653,141.14
0,0,58.71,0.160814,20.1046,58.8479,30.8715,60.6261,52.34,28.6639,56.6962,78.8837,47.1354,98.8003,42.7794,76.1128,47.6617,53.2191,47.5286,32.5329,37.7925,62.5727,69.7707,16.3787,39.0864,35.3338,84.0257,90.8375,74.6191,23.0976,62.9761,69.0786,82.5449,38.2472,111.643,86.8935,65.5783,49.6506,63.0941,63.9032,59.3411,81.9914,67.6451,78.6415,46.7392,41.0848,71.169,57.7213,67.7961,74.9002,64.7448,60.8013,84.9663,90.7572,54.2119,28.629,80.4263,74.4417,72.53,46.2065,51.7322,70.0552,98.0818,36.7658,69.4445,75.7609,41.6948,31.7045,54.5651,66.5933,30.257,64.7841,11.6277,86.3078,63.347,55.125,65.7191,54.4923,84.1508,42.9628,75.8392
0,0,116.145,0.613285,40.7016,140.033,173.594,98.7402,87.523,141.838,77.6639,117.393,85.3639,123.776,124.91,73.2633,153.114,153.334,42.3168,149.017,183.278,115.515,148.805,104.685,153.436,48.8238,167.257,212.883,52.8256,93.3967,46.0778,160.121,83.8922,162.027,78.4473,36.9513,122.609,110.409,120.293,99.348,149.174,104.872,161.578,56.2774,12.5677,115.752,102.793,85.8763,40.023,121.517,143.109,142.624,138.38,112.105,122.742,47.0802,159.151,128.944,132.076,134.138,150.24,159.115,177.093,105.779,41.995,39.4697,147.297,82.637,135.159,59.8232,133.051,54.3831,95.4276,112.179,92.9475,133.459,185.544,85.7713,121.801,184.275,84.2216
0,0,99.6757,0.475174,44.8675,84.0639,115.611,87.4936,30.5256,57.9667,27.684,55.5796,83.4428,129.651,50.0301,77.8776,32.6631,-26.7646,104.875,63.0786,199.601,25.57,60.453,47.6231,113.996,157.603,132.091,108.559,60.3211,108.227,135.98,90.46,129.622,108.955,80.1305,165.894,116.677,79.3735,78.2691,120.299,93.8223,165.513,99.4678,95.2696,59.8536,226.139,89.1559,46.2881,160.733,80.5316,91.6173,104.736,105.969,22.3183,130.225,94.179,105.466,77.7002,96.9663,99.3144,54.4067,57.1941,145.811,171.49,130.642,79.1491,165.202,134.956,96.841,61.5087,60.2363,65.4933,47.0157,104.262,125.607,136.992,59.0673,40.1246,117.075,160.699,61.21
0,0,120.669,3.69009,8.01444,94.2574,104.032,88.6664,95.2139,90.4675,107.397,100.616,98.86,109.623,103.458,106.064,115.38,112.074,101.971,102.623,116.648,114.093,115.952,101.211,108.828,106.785,102.787,114.419,110.221,97.4301,122.685,118.793,106.569,93.6692,111.015,123.56,107.742,116.029,113.451,118.951,126.631,123.371,123.849,111.478,124.065,117.966,133.62,134.375,120.462,130.921,119.658,123.652,132.236,138.765,124.704,122.922,135.963,135.772,136.436,139.448,138.994,133.986,126.383,138.452,137.122,135.15,136.632,150.086,142.301,134.315,147.341,148.341,139.179,155.994,150.866,147.582,152.597,151.773,137.142,144.333,159.242
0,0,104.49,2.47074,20.8139,52.4373,107.199,85.9272,86.2694,81.3785,62.9637,58.1071,114.344,100.81,97.4563,90.5623,103.46,98.2975,103.327,77.7745,81.724,98.2263,129.135,128.993,107.843,100.562,75.3313,94.76,63.2629,68.3023,104.96,97.7304,109.229,94.1403,109.38,97.5463,93.6174,152.165,134.214,88.8464,124.6,122.984,75.9009,149.871,77.4388,114.043,144.37,128.372,109.989,116.515,123.048,116.655,139.619,126.29,115.379,107.292,115.937,103.507,107.894,103.147,110.499,143.37,83.3713,135.197,116.247,87.8866,118.374,100.243,126.242,105.219,100.622,143.784,114.941,129.81,95.9097,143.137,123.407,128.28,143.676,116.313,86.8887
0,0,84.7224,0.753637,9.97965,78.5989,76.364,85.7775,80.9019,90.5343,68.9771,77.8857,66.7884,74.553,82.5523,67.729,74.2706,75.4168,71.7154,88.8433,82.4653,76.6709,81.4396,79.956,81.571,78.4199,95.488,86.0972,91.8313,87.9913,73.1626,89.4308,84.4944,97.2208,92.6437,77.1595,79.9698,93.7042,78.2561,97.3785,92.1291,65.7571,93.6859,72.8317,91.9831,83.8654,71.8478,67.9598,82.2132,80.6883,78.6984,66.024,90.9574,75.8461,80.2808,82.6297,84.168,96.5452,83.9107,79.0812,67.9823,86.2431,98.6897,89.2799,91.5599,95.7027,92.3765,95.334,91.0091,105.874,83.3571,94.2752,91.3639,94.0499,101.46,85.4148,99.139,97.6024,72.2047,74.4604,88.4555
0,0,81.5958,1.78952,4.18409,69.8166,75.718,75.7366,63.6909,68.0598,69.8162,72.5863,70.3228,77.4005,74.4683,74.0992,86.1931,72.2885,75.3479,73.9709,76.756,78.1504,78.582,78.5843,79.2793,78.6182,79.2405,82.1468,79.1804,75.935,75.1495,70.9172,82.3405,82.7663,74.259,84.3472,83.631,81.8451,72.0366,79.8714,78.9907,84.1705,80.6441,80.2437,90.7235,87.6219,88.1362,76.4743,82.7966,83.4566,85.5014,86.7038,81.9418,82.8162,84.7693,88.1224,90.5818,84.3763,91.2267,86.9405,95.4747,94.2644,95.027,87.4412,76.9353,95.3727,90.3231,99.2942,94.4703,91.8064,100.493,83.8943,99.2081,91.6864,96.0131,91.6795,94.0348,93.1927,94.3697,91.0866,99.4297
0,0,87.4484,4.89479,18.4035,62.8012,32.3888,51.6273,55.166,55.7282,65.1926,28.096,53.0802,72.7368,89.1235,54.092,55.0766,51.2086,54.8618,88.6099,36.0523,71.6704,51.5556,96.7378,92.2975,64.3094,87.5382,68.9243,110.598,48.8675,98.2445,103.715,70.9555,97.3662,37.2794,69.9037,67.9417,97.0714,122.388,81.8917,63.9249,98.6126,90.1062,75.3701,77.902,60.1204,94.9865,92.0135,92.1447,105.237,118.836,109.118,109.308,77.6911,111.453,80.0045,114.74,128.521,92.7641,100.348,120.785,109.083,120.709,109.022,121.363,120.351,112.136,103.155,82.1426,105.465,97.6583,99.1684,106.811,114.074,129.059,164.279,129.021,134.736,124.249,120.259,121.028
0,0,125.035,0.393622,7.00146,124.331,128.993,126.773,133.801,124.566,123.725,123.314,120.179,118.192,117.254,123.571,124.67,125.512,135.139,124.451,111.79,123.246,141.848,115.966,140.894,121.547,128.75,133.964,123.996,138.171,139.413,134.803,128.562,128.516,134.166,120.928,103.654,113.26,125.946,127.036,120.802,112.448,133.975,121.314,123.51,124.436,125.471,131.659,107.179,126.135,124.201,117.682,135.941,123.685,132.435,124.527,115.658,111.245,124.857,145.033,129.165,122.351,131.83,105.336,108.857,119.909,141.467,132.435,121.769,125.673,121.776,119.685,128.984,124.338,129.036,138.045,131.987,131.142,132.877,128.021,123.516
0,0,140.335,0.688792,27.0193,109.781,119.794,153.876,171.616,154.595,204.496,160.808,116.487,166.347,137.196,97.678,111.012,133.498,191.112,147.404,146.923,158.459,105.363,156.318,158.139,149.89,118.789,54.7862,120.137,122.334,94.5671,76.8471,109.223,167.687,181.826,132.077,169.886,143.23,149.491,123.787,113.359,139.166,101.302,150.204,99.0305,135.214,143.581,192.339,161.535,136.736,151.296,68.1579,150.594,145.37,114.546,112.499,112.381,141.682,90.4393,129.696,125.998,125.59,177.409,165.555,133.656,130.824,103.313,167.205,103.793,129.008,188.117,117.308,129.835,172.601,161.061,123.908,112.652,132.144,142.592,181.368,188.56
0,0,112.794,0.743653,32.5824,91.3468,67.8232,64.297,104.27,81.064,71.7935,118.94,116.263,88.2254,111.317,134.443,110.354,140.064,141.032,205.351,132.267,90.649,93.4672,133.111,82.1445,113.219,110.741,139.158,144.065,114.351,92.3656,116.209,94.209,84.6857,72.6225,145.266,156.232,101.914,75.2037,128.238,106.435,68.9654,109.523,118.111,78.701,141.013,87.0687,118.11,132.358,77.0578,71.1456,81.8016,160.658,21.9959,136.931,133.457,90.702,140.204,192.656,113.321,111.218,155.721,94.9574,103.648,78.5334,83.2643,73.3594,24.2387,115.113,111.508,99.8081,107.431,144.293,112.437,91.8745,101.341,151.014,64.9989,109.539,161.266,139.643
0,0,114.607,1.56332,15.9027,113.733,102.457,116.531,123.987,91.1451,104.297,103.039,105.429,104.353,122.786,98.8833,122.945,108.704,94.04,142.279,133.657,97.0433,92.2457,110.122,123.035,105.545,82.6048,119.809,134.881,109.973,139.891,95.6082,118.361,113.946,108.203,123.314,111.748,101.901,105.85,97.9364,123.913,121.143,105.6,101.02,139.979,94.4535,88.4808,110.907,134.54,117.832,156.461,96.2387,108.417,128.811,129.598,138.199,135.981,128.819,149.359,143.08,106.298,98.146,110.856,98.9648,126.145,120.352,155.191,84.185,134.236,126.518,124.394,126.218,139.216,125.255,102.172,117.666,125.807,137.214,141.877,116.582,124.583
0,0,116.628,3.33907,37.6286,79.8593,21.0579,87.3614,47.9621,56.9927,49.639,42.5964,83.3057,68.1042,104.948,74.6578,151.952,95.6749,84.8195,57.626,116.157,124.345,144.401,67.2893,122.725,62.9827,145.691,63.5103,84.7044,156.048,145.789,156.227,70.7123,83.9206,72.517,155.3,72.9296,127.514,145.248,124.199,129.124,112.226,169.314,204.654,120.897,96.2566,200.738,143.581,124.703,135.073,86.3525,103.543,120.397,166.357,76.4858,128.851,117.875,98.4806,127.856,171.348,114.815,210.873,115.513,114.789,185.775,149.708,125.201,182.761,106.972,159.152,78.9945,119.607,232.388,187.799,139.371,136.377,126.089,71.1821,215.881,97.0314,147.727
0,0,108.441,0.582312,139.392,-2.182,112.786,223.255,340.786,252.356,202.481,2.07413,291.24,282.144,203.786,102.866,181.705,237.94,-41.4254,116.049,198.795,189.723,29.8616,267.63,89.2026,250.442,22.1097,311.666,243.388,178.755,191.431,-81.0305,311.286,181.174,85.7824,36.6811,205.55,188.402,31.6209,98.372,32.4006,225.496,38.84,-8.44053,159.817,110.506,-60.8293,262.003,322.133,225.524,12.9281,334.311,25.3882,523.552,-69.4054,-197.47,163.382,245.686,201.96,-183.573,-86.618,-308.395,194.71,8.86786,79.7973,204.756,257.426,-203.089,196.201,193.193,395.764,-45.6336,-96.876,-30.7931,185.519,-106.273,-96.1516,146.236,71.4953,83.0867,228.224
0,0,93.1845,5.28971,23.1437,70.9031,38.6348,48.716,79.5462,99.9269,54.6374,90.0362,75.2458,68.9724,43.1234,84.3991,81.9637,103.355,90.0971,43.3887,37.5085,52.8807,83.6019,69.5673,106.612,37.4344,84.6851,58.3387,97.5521,76.5635,83.307,98.121,87.8627,95.7281,100.695,139.763,100.397,99.7093,97.635,95.4361,100.335,72.5017,111.412,96.4838,125.087,103.374,82.3145,114.116,117.465,87.2509,107.397,113.973,113.065,112.521,103.408,154.8,143.147,55.7762,150.303,101.872,105.816,109.508,122.009,125.675,126.439,79.0674,146.693,119.042,163.803,114.87,82.5447,133.823,111.025,168.188,158.286,135.956,130.58,122.599,150.551,154.598,123.449
0,0,71.5324,1.50271,22.4398,37.5183,52.9662,56.4112,30.7307,31.137,70.4778,36.2561,29.1506,27.8963,34.8315,104.76,20.6257,33.798,19.4993,68.8922,59.3318,95.2804,70.9867,53.6251,30.431,65.4568,53.8794,53.8579,41.0886,82.8606,90.302,93.2599,74.0815,66.0971,94.6648,57.6443,77.3759,93.9418,93.8651,35.7968,73.3174,80.6233,34.1108,65.5382,97.4156,52.7457,82.7478,88.4019,83.7168,75.9675,97.6578,32.838,35.0169,72.8413,77.9949,50.3334,95.3766,65.6618,90.7438,98.1972,102.343,85.7417,93.2807,75.479,98.7006,38.0959,85.5631,102.522,102.359,57.487,60.1873,71.7097,105.558,92.6551,89.5748,97.9093,53.6101,88.4531,74.3502,98.4324,77.1024
0,0,72.4717,0.589945,1.13242,67.6906,68.1763,67.9919,68.4475,70.1189,68.9042,68.4348,67.9816,69.0377,71.4451,69.1783,70.2342,69.7536,68.1984,69.1995,69.1508,71.7183,70.1019,68.3095,71.8962,69.5442,72.6355,68.741,72.8936,69.2546,72.3511,73.6688,72.0047,71.9235,72.631,73.594,71.9772,71.8032,73.6166,73.9602,73.5309,72.9312,72.0591,71.3724,74.5936,73.1457,74.3688,73.9843,72.905,73.287,74.0874,72.7893,73.8461,73.4239,72.4572,74.319,75.1994,74.531,74.817,75.363,73.9785,76.5607,73.2497,75.7972,75.6284,76.9843,74.471,74.3361,77.4764,76.4449,74.379,76.6516,77.1318,76.0597,76.6372,76.1428,78.0841,78.3285,72.0795,76.2414,77.9903
0,0,102.406,0.607942,12.0108,94.6147,106.838,80.8021,88.1061,101.581,89.5439,77.2347,74.2763,118.679,98.6237,88.017,98.309,96.0523,125.434,100.155,90.5277,85.6372,85.428,107.444,108.384,83.6416,112.378,71.8909,121.346,90.3074,81.3244,97.0905,104.264,98.1458,102.318,81.8071,87.5648,101.349,101.947,70.3969,121.894,113.938,95.1209,108.886,95.3356,119.937,99.999,110.652,123.08,115.384,88.889,121.849,95.0052,121.253,122.241,97.0807,125.788,111.169,116.405,121.781,125.881,101.259,113.651,121.107,94.8648,115.897,104.42,107.153,97.5728,83.5344,94.1163,125.014,112.765,106.658,104.379,107.095,108.231,88.2188,109.924,103.421,94.8489
0,0,88.7385,0.517611,29.5894,81.994,108.515,64.9657,5.64737,96.8201,54.6872,44.7602,78.9183,87.0896,101.416,130.222,83.5823,96.4454,99.5595,126.981,82.2369,83.7321,52.707,104.059,76.4864,74.4822,62.5479,-3.03414,83.9121,125.034,152.222,124.914,64.6199,60.6005,85.1275,126.388,96.118,98.3447,20.1361,101.184,69.7086,123.41,106.987,92.0054,129.466,83.3611,126.537,83.7964,125.08,95.6596,93.5204,116.037,55.06,65.7533,128.206,99.9976,91.5488,113.896,85.4255,83.376,55.5265,53.0644,76.2019,59.247,56.8105,96.9006,79.2709,97.3451,84.2321,100.426,116.08,100.713,43.3004,144.148,93.0354,128.701,103.362,107.925,115.901,39.317,77.5743
0,0,77.1068,0.397051,4.40347,77.7868,77.9601,72.1949,78.5082,80.4506,71.5656,78.6558,72.9029,78.4857,79.0515,78.6444,79.8382,83.4602,77.9814,78.2118,74.2885,76.2267,76.1903,72.4663,82.0786,79.5736,80.9466,79.994,76.2993,78.3353,78.8942,79.4638,72.0269,72.52,77.2351,81.3292,73.9401,78.0785,72.7685,73.9349,79.1338,78.3409,80.7087,76.8795,81.072,78.3417,76.9196,77.7134,82.3678,79.3705,78.3876,78.9117,79.561,75.0271,75.6999,77.0964,78.0947,72.1702,83.0359,79.9925,77.4481,74.9895,79.1019,77.9112,69.009,79.2033,71.1645,75.4361,86.7517,73.4341,84.8505,80.3117,75.5257,75.2233,87.7527,82.6403,82.3519,80.3777,83.8348,85.0504,88.976
0,0,93.5916,1.36995,13.487,57.9106,79.5281,94.622,86.7565,69.1562,80.3098,65.0796,94.8885,108.114,68.2997,90.2635,77.1886,88.565,63.5002,86.1058,94.3361,72.9405,104.182,71.8824,76.8175,91.9822,86.4799,111.799,94.9346,100.591,72.023,120.019,93.2675,98.1982,78.0209,80.2227,77.3293,75.7811,88.2199,102.22,107.125,86.701,90.784,88.404,93.5776,114.905,105.427,97.3442,80.7949,113.139,98.6178,81.5337,91.4622,110.387,102.49,88.2592,120.551,98.2602,91.5634,80.731,120.869,99.8495,111.968,96.9753,87.2815,98.0771,93.3668,84.0106,101.91,89.8088,117.748,102.212,93.2769,99.8104,113.313,95.2962,124.528,117.121,108.002,124.443,117.378
0,0,140.841,2.34103,53.4419,123.379,70.9286,148.277,151.514,118.227,183.019,181.11,128.623,170.395,127.87,67.7847,182.932,198.905,124.512,84.3221,140.189,85.9668,148.981,65.2893,160.197,214.959,113.124,146.941,165.116,154.683,174.223,146.356,258.744,56.8701,239.235,124.158,220.362,219.143,132.368,98.8405,56.8605,193.618,129.605,103.838,165.344,212.21,221.186,153.513,191.241,122.144,186.969,109.713,145.15,152.784,138.703,213.17,133.13,88.1678,131.124,226.333,83.2744,244.901,149.406,171.588,225.507,199.744,132.627,51.2548,139.272,295.242,240.069,209.626,164.614,235.022,209.479,152.046,203.287,261.896,267.66,276.647,205.415
0,0,109.247,0.382904,14.7777,103.798,113.846,116.41,105.473,120.738,96.9278,100.589,91.9741,106.92,86.4628,98.6779,107.548,101.131,100.84,99.1571,126.333,96.8123,109.754,113.357,102.052,116.104,111.731,93.0457,99.1425,91.2226,110.124,94.3178,97.8875,112.782,125.725,94.2608,99.7185,97.889,90.3559,118.969,103.76,103.823,107.933,96.9582,101.774,119.459,122.156,123.505,127.999,115.1,121.716,106.552,97.8951,113.708,109.915,133.688,121.577,111.026,118.964,116.187,110.13,107.393,117.403,92.6402,124.619,104.275,114.834,111.126,123.943,105.497,92.5393,96.5675,111.869,112.036,118.432,113.756,87.6391,129.553,127.092,109.349,113.413
0,0,93.3788,0.356683,6.41751,95.0628,86.0322,91.0702,88.9131,97.1286,91.0062,95.5887,97.0715,94.4119,90.1712,91.3474,87.9878,101.048,82.9744,74.6215,87.4456,81.2157,95.943,95.5284,93.6774,106.348,97.9213,81.1989,86.9974,85.6717,81.024,96.5223,87.0946,90.3089,82.1361,85.6443,94.4941,105.171,79.1053,86.3264,91.5767,95.962,87.8097,89.0237,89.9032,88.642,97.4412,90.1358,93.5619,96.9332,88.754,92.1882,104.564,97.901,96.6322,88.6178,96.7375,94.0211,89.1252,95.8877,83.7806,99.5743,94.3583,103.841,95.7031,97.642,102.074,78.867,81.8152,99.8819,97.8499,103.351,94.6218,113.878,88.902,97.056,94.7101,101.832,99.7085,92.8791,92.5151
0,0,116.288,4.027,15.1463,91.1083,76.4381,70.5195,83.2418,86.8823,84.4788,89.8327,87.6315,83.1133,92.6705,72.9427,92.3956,95.2289,105.571,101.138,96.9935,79.8406,108.698,89.2913,96.7789,106.506,110.36,87.8577,119.841,111.265,110.965,97.4543,125.683,121.967,106.177,125.667,112.18,113.182,128.014,117.704,104.731,120.722,106.794,125.236,100.242,147.608,127.619,125.362,136.297,136.416,125.387,134.263,121.153,149.874,133.417,138.51,122.207,138.919,87.171,135.388,116.058,139.563,150.278,159.627,155.585,150.337,135.708,123.022,142.383,149.322,160.056,144.665,154.952,161.022,121.819,146.139,140.821,139.45,162.756,142.217,144.502
0,0,117.498,1.48324,17.6095,116.266,154.798,124.107,98.3924,105.765,107.969,135.616,96.1465,146.126,131.195,87.0326,121.486,106.971,119.759,117.77,114.28,100.128,129.604,126.645,94.7254,80.0332,86.5963,127.065,105.685,127.687,130.81,102.993,141.469,95.3544,103.261,116.551,100.407,95.781,125.464,105.657,121.101,115.65,90.3871,84.1285,123.569,157.395,124.57,85.4474,126.531,124.877,140.988,100.848,126.168,134.761,115.313,103.363,136.105,145.823,108.792,111.605,153.333,147.32,122.729,122.854,142.94,109.154,111.618,160.181,128.825,131.059,152.482,143.417,119.837,127.093,128.066,117.839,131.395,114.37,99.6451,145.551,144.791
0,0,98.1135,1.05115,12.1496,86.2433,97.0959,86.049,107.334,91.3341,87.5147,91.3913,81.8949,79.4225,96.753,95.7013,101.738,98.7256,89.8592,94.9138,96.756,93.1884,74.0048,97.7407,102.898,74.2947,73.8785,108.336,86.2829,106.386,76.219,110.058,114.991,84.3112,92.7132,91.5181,93.4789,100.216,105.136,99.6575,98.7852,103.325,103.438,115.438,107.424,97.2556,106.584,77.4309,100.929,84.0929,109.557,101.237,87.7287,99.778,96.3657,102.327,112.59,92.631,112.238,92.5558,99.0349,93.4339,102.41,104.524,99.3799,93.8174,97.6779,94.7919,99.4373,108.104,120.811,89.1005,105.765,108.122,89.9343,100.931,79.3909,92.9654,103.859,109.152,112.601
0,0,80.1033,1.03583,20.6265,114.631,86.3649,55.2261,88.8334,71.9367,104.111,99.7687,114.764,67.0216,95.2534,75.6498,61.6669,115.836,55.4674,57.6227,112.137,85.4161,74.0623,50.8781,57.328,79.5486,76.2836,45.9385,112.476,102.573,49.7459,75.2099,88.4238,109.603,84.433,74.4416,81.854,81.0934,61.9848,131.225,104.171,76.4933,80.2679,88.2503,81.9942,24.5413,94.9074,87.1815,94.8293,124.769,103.795,53.7156,63.2466,68.4574,65.0526,86.9218,73.9778,77.3433,92.5224,86.3599,86.7872,96.7664,68.5409,107.114,85.5139,122.886,58.7121,94.5531,69.3054,65.1542,79.3986,128.576,76.2929,68.26,91.3474,52.2849,66.623,54.2205,51.5931,73.6047,73.2373
0,0,122.152,0.175853,6.947,119.797,120.693,116.852,112.831,114.354,120.882,120.874,127.691,118.585,119.381,123.86,123.305,115.397,120.551,126.227,133.617,120.667,123.603,127.64,115.589,128.083,118.651,126.886,123.109,126.781,130.756,108.965,117.941,123.452,127.043,129.109,113.158,122.717,110.022,120.465,124.482,131.949,119.456,108.053,120.621,125.846,126.553,121.711,124.361,116.71,139.014,123.184,106.445,125.55,119.532,122.334,127.161,120.657,120.842,123.446,123.573,127.917,128.292,107.743,128.355,123.191,123.769,120.289,119.016,136.584,111.296,131.163,104.695,121.917,121.745,118.09,128.729,122.311,129.345,124.832,135.203
0,0,120.181,7.16263,11.004,74.5541,75.7352,88.6126,68.5359,65.782,77.6668,63.5974,70.0312,94.4057,102.031,83.3884,71.8162,93.7128,59.742,104.393,90.4481,87.1036,70.3813,102.733,76.7191,83.9886,97.2568,95.7643,78.7785,108.391,101.798,120.507,95.7463,116.593,94.8513,120.533,123.543,112.528,121.51,118.708,121.278,141.273,133.001,125.939,104.154,126.852,140.995,144.42,130.27,134.197,135.044,144.836,136.406,136.98,150.559,148.875,145.859,135.559,148.226,146.071,158.724,137.025,155.245,153.645,182.449,161.281,151.209,170.717,174.602,145.346,148.751,153.925,162.738,173.178,152.786,173.934,195.404,152.671,158.231,189.704,180.659
0,0,101.536,0.206944,14.5489,99.0554,107.145,93.1983,116.654,93.2948,124.454,87.0547,85.5758,112.632,102.65,100.438,101.27,91.3266,105.686,88.875,79.0623,89.2502,104.69,99.08,95.6503,104.951,104.254,96.8324,105.268,104.768,89.563,110.006,82.175,75.7332,95.7797,115.887,119.569,103.199,98.4615,129.685,102.289,94.6418,111.82,98.5113,95.3902,78.5903,101.563,102.126,106.446,121.072,80.3206,98.0932,94.5418,108.518,108.133,87.4826,113.204,111.299,62.5439,90.4922,129.228,97.2932,76.988,103.845,88.1477,92.6963,90.1029,104.507,91.4806,98.9784,107.82,109.059,86.0821,94.5052,100.274,116.237,121.918,85.2354,84.3225,122.582,88.1211
0,0,116.583,1.63699,0.728482,104.115,104.198,105.338,105.489,105.869,108.724,108.139,107.46,108.293,107.243,108.77,108.078,108.88,109.27,108.936,109.62,110.155,111.525,109.911,111.248,112.874,112.633,111.619,112.286,112.965,111.79,114.431,114.744,115.667,114.825,115.288,115.565,115.57,115.571,116.041,117.341,116.403,117.678,117.211,117.486,116.776,119.141,118.603,119.418,120.731,119.7,120.868,120.484,120.246,120.861,121.026,120.656,122.582,122.782,121.722,123.476,123.962,123.583,123.878,124.467,124.527,124.548,124.995,126.382,124.53,126.946,127.115,126.157,126.874,128.247,128.139,128.203,128.92,127.717,128.409,130.393
0,0,97.2284,2.35409,5.89304,89.9998,74.8581,76.1039,85.8548,83.827,77.7345,82.518,77.1645,79.212,79.9084,85.2429,92.9963,82.7261,87.3467,90.0972,80.2915,88.7885,86.9055,89.0797,92.5184,88.003,96.993,105.899,95.2806,89.6008,87.5098,98.9806,95.0849,90.6445,109.624,95.004,89.8497,91.5186,103.079,101.542,101.092,85.0142,94.5773,97.4636,96.3784,96.8486,92.8165,90.5027,107.953,114.4,95.2021,104.228,95.9456,110.193,95.536,100.075,107.528,101.486,104.424,107.505,105.733,104.221,103.233,103.209,109.385,104.562,122.074,105.305,107.355,120.969,108.842,114.735,114.586,108.007,107.777,104.319,114.523,112.838,120.342,114.434,118.52
0,0,134.903,2.41098,16.1916,107.125,115.866,155.217,129.406,102.604,150.391,151.576,124.933,102.448,104.569,126.172,134.002,107.168,122.753,116.249,142.208,116.347,120.754,122.795,133.421,108.856,135.218,117.984,122.89,125.656,142.406,141.728,136.583,126.192,98.9291,137.927,127.638,102.037,175.056,129.511,122.056,106.751,145.513,135.942,114.03,120.229,164.019,121.497,141.026,128.456,152.476,131.01,143.682,104.79,137.427,136.75,124.292,148.056,132.516,126.738,128.368,157.557,145.353,129.29,116.353,132.673,117.406,134.3,123.275,146.508,163.887,160.627,156.283,146.998,128.178,148.164,145.755,157.029,157.768,160.315,181.346
0,0,71.2817,1.25112,94.0109,226.309,74.2347,-64.8449,135.36,32.2266,49.2026,-20.9321,172.298,246.012,-68.1022,136.994,7.76788,-29.8668,52.7178,19.0754,52.7001,-26.9792,13.1163,-45.9589,82.038,199.814,75.8927,191.23,155.706,-72.8562,-2.10125,40.9059,61.9343,245.782,-37.2275,21.888,90.2294,88.0436,34.0744,136.954,87.7501,149.422,70.7136,-131.431,93.415,-29.2254,-83.7174,18.8234,21.0619,94.3145,14.7058,88.5399,199.653,-76.5552,27.9693,67.9455,130.012,134.246,50.324,67.2992,-14.6795,211.468,61.5222,145.686,32.8817,130.926,240.253,83.7366,-47.6977,100.856,39.7904,-59.3082,-3.63013,49.1407,32.553,49.8631,138.508,141.059,53.3949,137.25,126.747
0,0,108.306,0.747997,4.32294,108.017,106.224,103.722,113.189,110.745,97.2985,101.435,101.05,104.695,106.548,104.389,102.327,101.634,114.48,103.05,110.6,109.621,111.137,104.283,100.714,100.607,106.949,104.646,109.017,102.398,108.883,105.502,106.755,108.481,111.497,101.116,110.634,105.623,106.849,113.004,105.92,109.924,110.365,106.319,109.5,114.658,110.242,110.754,108.058,109.117,111.363,106.859,105.612,107.459,112.616,110.751,111.71,111.723,120.994,108.911,108.834,116.633,117.922,109.095,110.92,109.014,119.057,116.191,109.587,113.123,114.609,118.821,115.222,111.499,112.768,122.016,114.742,115.639,117.592,112.341,119.39
0,0,92.4627,3.17557,2.01922,69.6829,68.8031,72.6506,69.42,74.9846,74.6427,76.0734,75.0244,75.361,77.0083,72.2032,72.6701,76.7604,79.9274,77.3374,81.4129,82.0654,80.7197,85.3886,77.4632,79.1055,85.7959,88.2898,84.0997,88.1081,85.0422,88.4587,89.1956,88.0242,90.1138,92.0365,87.4398,89.8649,93.485,90.1251,92.1012,93.3158,91.6097,91.6324,94.2109,94.5315,100.286,100.795,96.8735,96.5244,96.8584,97.0042,100.625,100.16,101.28,100.498,103.255,100.451,101.131,106.925,103.756,103.14,107.006,108.112,108.547,107.462,108.257,110.213,109.068,110.774,114.075,112.094,113.779,116.443,113.937,117.208,115,116.829,117.493,116.244,116.863
0,0,102.869,0.175322,21.7557,113.134,108.368,111.406,125.425,128.977,116.436,119.036,79.1003,86.5838,89.9488,123.51,80.2716,103.933,108.14,111.514,68.1801,85.1942,113.522,118.981,96.7205,95.859,76.5636,83.1696,111.277,89.5434,142.373,107.412,119.947,99.3073,120.83,109.287,138.751,109.19,121.046,100.995,88.5492,123.331,130.35,89.9962,139.935,146.152,86.0531,116.359,70.9914,66.3304,76.3807,109.441,94.3943,118.378,131.491,73.677,106.728,97.8429,114.149,129.119,121.379,100.4,132.741,121.38,132.67,109.525,84.9599,88.7192,117.153,120.143,63.0319,88.0012,80.2687,67.5166,153.254,125.469,78.5467,91.212,110.347,100.048,107.431
0,0,112.71,2.16582,1.94913,93.3992,98.6034,99.691,99.0542,97.1452,97.4958,100.189,100.926,97.8751,100.611,101.884,104.083,100.697,106.472,101.799,104.321,101.388,106.383,103.819,105.597,106.078,105.17,105.976,108.097,107.899,109.299,108.89,110.283,106.479,108.945,109.054,110.337,112.812,113.955,113.212,109.882,113.312,117,109.554,115.941,114.968,116.872,117.568,119.1,114.739,118.353,119.035,118.952,117.669,117.764,117.76,119.052,117.563,119.212,117.314,120.904,123.028,121.346,124.313,124.322,123.114,124.957,123.755,127.462,126.111,125.543,128.047,127.707,128.681,125.027,126.152,130.011,127.303,131.134,131.589,128.107
0,0,120.761,0.57908,3.35957,113.638,115.517,119.049,114.306,119.55,116.54,121.619,117.322,121.442,119.985,118.737,120.764,119.92,116.997,115.452,117.348,119.327,120.089,114.109,123.85,116.532,122.809,122.344,130.921,125.458,118.208,115.894,119.24,123.81,121.223,118.456,117.963,122.346,120.417,115.743,123.193,119.382,120.313,124.644,128.128,117.043,121.084,119.061,117.107,120.009,120.327,122.615,120.593,117.763,119.979,122.579,122.071,121.751,116.882,123.642,121.52,128.58,122.297,125.776,121.384,120.833,122.827,121.77,120.855,125.441,122.471,124.303,128.736,123.323,121.819,125.546,122.463,122.11,125.765,122.904,122.483
0,0,121.078,0.0792623,43.8817,115.707,-4.46209,174.468,112.639,134.37,128.861,136.144,119.771,110.636,165.733,77.6235,140.261,93.5201,120.529,96.688,53.7912,122.101,89.4149,73.5183,117.868,121.882,82.1125,138.804,153.647,100.377,107.941,128.797,162.819,202.727,92.0843,119.657,132.904,121.294,154.421,165.661,226.194,26.6067,45.0217,200.388,94.9596,117.01,6.07946,127.096,126.579,164.361,92.0934,130.458,39.578,131.382,209.219,104.561,108.828,177.173,102.982,39.0928,160.366,118.646,144.206,169.888,142.317,142.089,91.4929,74.1567,90.5468,64.0936,154.223,142.064,115.737,108.744,218.27,183.247,93.8367,160.785,149.743,128.095,162.623
0,0,120.223,0.805215,14.6173,103.479,91.102,120.213,117.772,126.363,120.951,105.533,123.678,105.965,137.656,122.173,106.381,111.233,143.013,135.388,110.946,116.105,129.22,142.679,121.232,119.586,129.972,63.0135,101.365,123.958,128.53,119.347,126.465,124.065,117.042,127.708,84.0848,102.877,164.596,117.222,129.159,99.905,123.204,108.797,90.8821,124.491,129.404,118.812,113.282,126.732,139.252,109.726,133.027,122.15,143.814,117.262,160.314,143.978,137.194,117.112,121.973,117.243,153.903,108.851,152.203,137.908,129.939,128.188,132.738,141.158,116.076,104.46,107.389,149.502,148.15,150.338,127.676,121.08,100.271,124.013,131.628
0,0,87.3485,0.145095,11.0985,89.7009,82.0474,76.7623,95.6681,96.6668,82.8391,93.036,85.8879,70.2847,94.76,71.1919,99.3308,69.1546,76.4603,75.1461,81.5765,81.9673,80.2331,87.3703,89.5048,87.1347,80.8789,87.2698,84.1649,82.9189,80.7192,85.6231,82.3835,96.5715,78.6207,104.057,86.0698,93.6362,73.2942,77.8146,73.6417,93.0062,79.2286,88.3763,83.4953,86.5545,82.0893,67.4669,72.7055,91.4918,81.342,82.0986,107.391,77.6985,80.8312,85.855,100.131,85.5798,84.9848,101.989,84.3004,90.8614,93.0341,77.1779,98.2547,69.1982,92.2587,87.2405,81.1839,86.005,91.8927,107.899,96.3653,85.8306,109.636,85.5843,88.2971,82.8502,91.6691,93.4392,101.397
0,0,100.527,1.08691,8.22709,85.6438,94.6417,84.5037,87.2284,87.7071,90.168,92.7168,95.3575,94.8572,106.24,109.681,102.178,95.4118,106.864,105.426,104.412,90.7486,102.336,102.351,109.285,106.463,103.136,104.818,107.142,109.648,89.0333,74.2892,91.311,100.373,104.455,94.7514,113.664,98.6069,89.1372,98.7465,94.1937,102.589,93.6491,96.8655,101.952,97.5202,104.64,96.3779,84.1644,105.413,99.0336,100.713,115.867,95.1409,99.6712,107.81,111.309,108.947,101.015,119.101,107.348,104.507,95.4773,117.179,111.3,112.38,117.475,105.34,111.226,98.0012,104.419,110.351,104.05,115.911,92.9156,113.468,105.071,98.7244,101.379,106.248,117.155
0,0,102.117,3.03797,10.1327,93.5195,73.4552,98.1563,78.7441,88.3991,81.2656,92.1766,84.4924,88.3861,78.8913,92.5475,83.0275,89.3817,88.5414,99.8526,66.6728,78.186,100.726,72.8769,97.6646,75.8845,94.0722,100.1,101.617,102.348,98.8971,94.823,98.4892,93.512,101.569,87.1819,104.765,96.1949,93.1741,112.768,105.398,121.315,102.77,100.777,104.68,90.6513,110.72,111.556,113.773,106.553,81.8209,106.528,99.5714,99.8487,101.238,99.5163,125.012,125.769,108.545,105.374,125.77,124.942,113.334,121.751,145.939,105.786,113.697,125.456,121.424,125.142,114.138,111.121,121.401,120.3,108.775,132.719,115.339,156.362,128.61,110.001,113.402
0,0,107.208,0.589994,58.1218,15.3102,41.3113,139.787,101.519,134.358,151.582,33.4778,145.811,167.683,0.328876,122.609,167.261,115.843,65.6084,-20.0005,113.432,7.98351,136.157,124.616,40.0187,119.398,42.9051,40.3818,219.501,-26.696,103.385,93.5648,127.18,-6.20895,138.899,138.911,113.551,50.0526,121.732,84.6186,112.122,79.9314,105.522,164.056,82.4216,189.543,-2.16552,87.07,188.575,168.186,181.662,246.91,59.6744,15.2558,70.9909,113.364,-62.053,100.591,-48.5826,62.3826,34.3948,36.1211,47.6511,134.206,148.384,52.7115,75.3549,65.7325,150.53,256.313,93.0604,-17.0159,189.222,96.4265,-7.88481,42.076,96.9625,128.866,214.742,35.7148,103.252
0,0,97.9056,0.413623,13.8797,91.1262,117.372,107.241,97.6078,85.4808,82.3042,115.259,100.279,118.157,117.163,88.6091,110.311,105.945,103.15,99.1663,97.723,107.264,102.16,96.0722,110.865,97.7665,107.738,96.353,132.783,100.954,98.6698,108.819,93.821,84.4966,125.893,111.318,107.033,106.262,106.677,111.247,98.9377,115.556,96.7591,100.794,83.6559,109.783,86.9184,131.565,116.811,113.977,89.1851,97.9009,96.8377,99.1521,86.8356,118.893,100.823,91.443,80.8382,90.5221,109.839,99.0992,83.8526,107.165,120.039,112.336,102.083,128.995,83.9615,96.5549,105.608,97.4112,83.8491,100.426,93.8692,100.357,114.277,85.7363,106.714,120.523,108.299
0,0,68.8095,0.521534,23.2636,91.8283,34.382,64.0565,-4.05968,90.2922,91.4423,90.7326,13.7361,50.0485,71.3846,77.4083,32.8532,95.1132,55.0152,60.2354,52.7672,87.2203,40.2364,44.4176,68.4723,61.2589,91.5453,33.4678,28.5603,92.4625,62.3461,49.3312,81.4522,71.0971,32.2684,53.6239,91.3843,70.9788,126.825,48.6609,47.9056,72.3363,95.6305,70.9751,52.8109,67.3087,44.912,17.5566,107.574,16.7513,70.909,49.4456,80.1056,65.7204,102.487,99.7315,57.6981,84.0161,50.0526,55.4544,79.8223,34.7092,55.7528,125.494,63.573,104.097,92.8399,57.779,61.036,83.7973,38.0581,57.397,95.7114,76.0109,125.335,69.7355,68.6713,56.1483,32.859,68.2123,81.7347
0,0,121.907,0.318388,5.64973,122.641,117.708,119.126,124.604,110.168,114.293,127.013,126.584,122.151,112.318,122.314,120.505,117.851,131.357,118.418,122.74,121.911,119.239,116.128,125.475,117.758,113.815,129.812,126.503,128.752,129.299,129.182,119.055,121.89,121.195,119.933,114.934,118.31,116.504,123.963,128.039,116.841,114.169,107.763,122.264,130.115,119.862,129.015,114.404,133.736,116.201,133.761,123.754,121.924,120.023,126.055,125.876,128.414,120.601,118.563,117.965,112.666,122.645,119.067,123.278,126.456,117.332,123.597,123.474,126.093,124.008,126.669,117.108,125.665,117.207,126.267,121.561,123.777,121.228,122.975,114.139
0,0,63.9795,1.62643,60.6463,78.5439,145.133,11.3611,101.205,-41.4406,56.367,35.4518,-24.2872,6.58827,177.791,-7.64379,-20.1916,60.6454,88.9352,-20.5299,57.8343,50.5725,72.9748,-4.71342,59.3919,81.1293,26.3714,24.5786,171.211,152.868,115.311,114.749,57.7478,32.5438,115.514,35.4415,135.279,159.189,111.333,52.683,-12.0247,60.6559,103.134,92.4793,61.2911,28.9529,106.189,175.475,64.332,35.2151,119.635,-16.2522,110.011,19.5967,-14.4643,140.284,-10.0473,127.538,92.5091,-8.33169,-52.7243,65.1854,-3.7562,45.2384,21.343,6.64781,-9.5831,-29.1087,22.8951,110.468,90.9495,62.5075,100.361,137.017,145.173,162.429,75.6075,50.4966,106.833,81.9753,31.4769
0,0,119.533,0.246796,2.53041,115.765,119.275,119.373,118.523,120.755,118.134,121.031,115.982,116.712,116.569,119.906,122.483,118.656,115.861,119.823,120.794,116.33,113.019,120.367,118.51,121.686,117.112,121.24,119.783,119.584,116.766,119.455,119.711,121.425,118.644,117.821,118.485,121.336,123.188,122.182,119.991,121.643,121.814,116.753,120.647,117.221,116.591,123.145,120.782,118.227,119.672,119.208,118.552,115.863,115.651,119.067,118.76,120.584,122.975,116.602,121.177,117.756,123.027,121.842,120.159,121.497,118.981,123.498,125.154,121.784,118.625,127.908,117.551,119.703,119.464,120.116,121.273,114.198,120.595,122.503,118.044
0,0,100.405,5.4364,25.7802,81.1753,104.45,68.6302,47.8682,69.8484,99.4937,102.761,50.4388,61.1885,59.6743,75.9753,86.0755,81.2326,87.9855,40.091,123.449,65.2129,79.5882,64.8376,152.993,128.558,56.5268,98.2697,63.3431,60.489,63.2204,105.273,84.1794,83.8277,84.3443,121.15,56.9319,119.674,92.2422,152.244,100.139,130.392,124.78,99.9624,92.4416,94.5891,69.9925,136.544,133.671,108.979,156.197,94.3781,122.559,110.622,123.888,108.985,145.337,182.223,188.788,157.198,59.0756,134.225,97.9706,125.915,112.687,105.758,139.356,112.791,107.377,115.333,132.954,115.612,135.695,119.456,151.561,120.431,133.125,114.582,191.94,161.799,132.766
0,0,128.819,1.28837,35.0989,66.4711,98.4694,133.633,212.596,56.3326,167.75,139.053,118.551,73.3365,92.8382,63.4069,223.75,109.471,129.721,88.7147,116.985,169.349,105.473,139.842,153.308,142.416,198.654,141.749,148.157,130.376,126.522,133.356,107.238,87.6188,98.6952,112.437,109.78,121.006,124.021,110.814,150.752,128.72,32.4113,150.102,199.295,166.096,112.059,145.763,126.418,83.4759,76.1458,112.152,115.915,161.902,67.6179,120.262,209.875,124.166,109.049,92.3753,59.0546,122.706,152.346,179.507,158.748,107.14,102.376,53.7688,110.209,142.042,122.71,169.457,127.691,175.55,131.268,188.2,116.699,112.405,135.573,162.542,153.058
0,0,119.7,2.6088,29.9262,138.823,129.326,170.826,71.2338,78.6977,66.6439,133.178,132.63,104.843,136.845,128.875,92.3302,130.159,105.822,127.611,80.2257,153.004,126.09,116.591,135.205,129.517,51.2713,146.596,127.503,114.455,95.321,158.63,118.225,82.0101,137.108,183.295,62.803,114.366,88.2186,121.379,70.9338,132.749,119.398,72.3106,53.9655,130.638,77.579,133.46,151.534,169.019,86.75,130.995,116.032,137.884,112.614,115.071,78.1648,181.827,164.813,167.096,104.536,169.073,126.928,80.0592,117.547,160.932,146.79,127.16,160.819,170.248,112.133,149.358,90.6521,139.409,142.933,202.016,150.24,133.48,161.756,181.7,154.872
0,0,122.959,4.50286,77.7305,38.5194,82.5184,108.758,4.74416,143.156,9.79926,153.776,112.501,64.8612,109.377,48.9259,144.867,115.815,13.1436,14.9273,164.189,239.731,110.063,107.621,164.082,127.66,-12.4904,165.676,28.2707,46.6009,128.975,84.8219,196.126,51.4084,113.044,159.281,-88.4305,14.5799,346.051,134.655,90.7023,176.562,77.7196,191.014,68.1797,92.2442,195.613,246.218,177.963,94.1936,145.027,303.823,229.025,64.4823,181.033,130.391,221.317,174.521,177.181,170.492,61.2275,139.525,175.942,27.9989,140.159,283.248,172.07,187.267,150.547,110.473,204.453,42.0641,188.896,231.335,156.165,106.319,149.12,74.781,235.455,-2.75553,73.3178
0,0,108.819,0.571522,0.640703,105.119,104.979,105.292,105.94,105.821,104.834,105.529,105.039,106.219,105.714,105.602,106.237,104.633,105.675,106.44,105.904,107.2,107.364,106.953,106.985,105.643,107.64,108.395,107.964,107.338,107.201,106.989,108.937,107.76,108.325,107.838,107.646,108.777,108.443,108.579,109.329,108.658,109.486,108.315,110.775,110.278,109.497,109.81,109.851,109.916,110.427,110.213,110.431,110.07,110.171,110.027,110.982,110.493,110.917,111.471,111.437,111.242,110.925,110.854,111.457,111.74,110.723,112.115,112.341,112.551,112.699,112.486,111.894,112.343,112.448,112.046,112.204,112.586,112.925,112.104,113.137
0,0,96.6812,0.75155,30.0246,86.9865,119.639,66.1323,91.1534,19.7887,118.084,94.7477,80.9566,85.3638,101.77,112.624,113.552,94.2628,101.383,92.4477,83.0217,66.0486,88.3204,58.807,44.4869,70.2172,89.7297,131.784,121.681,85.4422,58.664,94.0401,81.4297,60.4795,75.0411,102.957,117.276,99.44,168.514,115.602,114.318,95.2126,127.303,78.8191,124.757,110.024,105.146,109.392,102.317,84.778,79.1723,102.845,33.4743,100.313,101.82,93.4214,61.2041,91.0555,42.1052,95.517,98.1771,64.6025,136.333,111.838,96.0443,130.508,139.588,111.298,123.041,66.226,99.2899,130.954,84.5563,47.0507,128.226,74.4686,95.3351,75.5751,83.3056,68.8141,140.049
0,0,108.13,0.19346,2.01585,107.798,103.854,106.098,108.115,106.813,105.906,106.349,107.796,108.368,112.206,106.756,105.209,108.517,106.181,107.356,110.73,106.785,108.226,105.411,110.821,107.454,106.908,110.625,110.671,108.409,107.262,107.145,107.926,110.54,107.976,111.142,111.909,106.396,105.134,103.439,108.824,108.511,109.082,108.442,106.861,111.233,109.485,105.258,105.296,107.277,112.165,105.208,107.906,109.732,110.107,107.669,106.981,109.496,107.941,107.308,110.598,108.359,110.465,110.942,105.527,110.706,106.795,107.05,108.108,112.833,112.055,111.232,109.965,112.063,107.6,110.059,110.027,107.774,108.296,112.104,110.074
0,0,112.285,0.900766,0.196978,106.075,106.303,106.621,106.359,106.575,106.799,107.156,107.312,107.397,107.853,107.99,108.128,108.098,108.421,108.513,108.736,108.584,108.973,108.742,109.364,109.313,109.923,109.949,110.334,110.27,111.038,110.645,110.813,110.829,111.172,111.29,111.253,111.926,111.868,112.217,112.211,112.046,112.454,112.816,112.949,112.995,113.204,113.613,113.858,114.222,114.137,114.02,114.524,114.737,114.879,114.829,114.979,115.389,115.466,115.456,115.766,116.051,116.176,116.389,116.58,116.64,116.625,117.435,117.172,117.506,117.934,117.655,117.997,118.046,118.491,118.7,118.824,118.558,119.194,119.448,119.54
0,0,85.9784,0.403714,40.2651,53.2129,162.688,108.624,55.6871,106.391,83.9765,58.2918,125.664,20.6373,147.82,-3.8992,103.072,159.068,119.827,46.904,113.898,31.716,98.2338,77.1969,24.0868,149.69,60.5928,29.5426,70.4857,77.2741,112.005,99.8716,129.123,40.0888,97.4996,50.0425,181.567,126.428,84.8913,110.176,123.175,86.2965,102.325,154.684,92.5791,92.4525,105.826,113.166,161.448,96.3302,41.6805,91.4757,75.415,113.414,9.46458,79.5085,107.294,71.3041,93.6921,126.762,99.2785,78.959,78.7176,48.6189,93.5369,78.832,84.0185,137.702,27.7262,90.4033,110.82,97.0328,142.799,114.731,139.532,56.2505,26.0919,123.434,112.211,59.937,88.0343
0,0,137.127,1.58249,25.5165,157.313,163.425,138.947,153.499,138.825,147.078,107.764,122.862,140.078,128.507,170.953,122.961,174.41,100.174,142.586,184.965,117.7,92.9465,132.626,140.015,106.436,91.5904,84.3436,119.412,130.085,150.391,145.839,116.862,165.351,159.1,115.278,117.231,142.389,149.902,122.647,79.3794,139.241,154.019,113.52,172.886,139.393,133.558,127.141,169.176,111.868,142.337,180.674,95.1454,152.502,145.483,139.083,135.349,209.551,164.986,146.994,126.657,144.664,130.87,171.975,118.417,124.45,142.546,195.468,135.056,193.132,151.04,191.693,144.78,146.827,98.9497,138.629,183.113,176.32,163.957,80.8663,128.06
0,0,83.9246,0.278397,30.9645,88.0557,72.3584,165.961,80.8495,83.1032,94.8191,105.463,71.0562,60.5724,72.8849,97.9789,127.37,94.4866,105.134,27.2644,95.5237,128.94,32.2207,72.3946,61.8763,93.3415,47.6408,58.2713,127.808,42.5545,131.242,141.427,34.6463,32.4675,87.4841,97.2952,58.6788,75.6625,150.121,78.4799,90.5143,68.416,133.559,109.25,95.7483,67.9934,98.6329,135.034,93.26,41.9055,52.8349,52.3624,82.2832,103.875,145.268,103.818,114.385,96.5131,60.5768,97.803,59.7492,89.0334,103.873,135.569,110.759,129.982,88.1466,135.062,62.2786,85.7285,100.607,86.6019,63.5522,91.6683,81.1625,48.3643,37.5009,54.2948,92.8407,63.2565,104.813
0,0,131.963,1.44912,0.422178,121.877,121.861,123.122,122.45,122.692,123.291,123.794,124.143,123.362,124.432,124.408,124.952,125.322,125.573,125.136,125.832,125.678,126.687,127.581,127.438,127.501,128.184,128.132,128.654,129.427,128.631,129.235,129.689,129.706,130.537,130.752,130.998,130.988,131.744,131.763,131.293,132.042,132.033,132.216,132.818,133.225,133.932,133.66,134.9,134.456,134.494,134.616,135.923,135.444,136.332,136.883,135.826,136.362,136.998,136.761,138.005,138.113,137.86,139.253,138.86,140.104,139.894,139.239,139.699,140.183,140.787,140.892,140.965,140.777,141.278,141.937,142.309,143.057,142.383,143.115,142.913
0,0,96.8761,0.883524,15.7471,109.587,81.5962,98.627,100.558,91.2915,93.4581,69.9777,63.0194,101.035,61.2668,81.1088,89.6563,88.3716,81.3371,99.0832,97.7471,100.262,103.056,89.8374,93.2851,121.559,83.3312,92.3269,71.1538,103.611,86.1373,76.2429,106.554,93.1267,93.1488,90.4358,123.147,77.4047,89.2972,124.086,47.4407,110.478,93.442,104.883,127.451,100.706,75.8299,98.3653,119.708,106.972,80.3967,81.91,111.856,99.6508,75.5066,75.0704,104.213,124.151,111.076,110.333,131.291,70.9342,100.322,115.111,107.263,67.6749,123.267,86.3989,95.8413,96.2779,111.517,112.106,98.095,100.426,98.8239,133.952,77.7285,96.9611,86.3633,102.774,116.745
0,0,72.9681,0.440697,0.708384,69.6933,69.8109,70.094,70.6557,70.9199,71.0416,70.4492,71.4781,70.1931,71.228,72.0311,71.4461,70.9963,72.1162,71.3703,72.3392,71.6723,71.955,71.2918,71.5322,71.3342,70.7518,72.1796,73.559,73.0332,71.6651,73.1848,72.9487,71.3641,71.8376,73.1044,71.9338,72.5138,73.8675,72.653,74.0268,72.0339,73.3878,73.5685,73.4943,73.6969,74.1312,72.5888,72.6084,74.6436,73.9858,73.3502,73.8617,74.3256,74.4158,73.5054,75.2625,74.581,74.9376,74.1702,74.5986,74.7948,75.046,74.3305,75.3266,75.3401,75.3733,75.4241,76.1181,75.998,76.6062,76.2919,75.3541,74.2175,76.3265,75.6456,75.5256,74.846,76.0805,75.5532,76.7965
0,0,144.369,0.950389,34.7928,134.775,148.178,160.3,92.4107,115.193,132.57,126.019,127.333,108.499,144.212,135.381,57.1141,131.271,143.912,195.82,164.112,123.714,154.019,99.1381,121.757,127.952,183.022,161.697,166.673,142.119,193.56,181.289,123.337,172.742,161.546,156.326,164.758,122.505,136.504,122.01,117.675,111.249,141.612,170.45,108.952,167.805,131.048,80.5451,164.166,93.0833,213.232,109.856,154.563,137.051,198.225,164.656,163.109,159.2,135.886,149.803,140.841,105.143,119.25,106.891,145.089,147.897,180.087,119.758,67.8569,89.4013,150.443,124.842,162.437,163.493,113.593,134.927,121.621,159.276,107.416,137.493,185.235
0,0,88.7458,0.298145,15.953,111.677,107.059,69.0808,79.5318,86.4176,70.0472,72.8338,91.4301,80.1234,102.271,86.8292,91.9206,104.865,110.133,69.7069,50.1286,78.7531,90.0257,112.398,70.8639,86.2675,99.7055,66.9269,89.3049,81.9475,115.209,91.2421,113.938,93.696,103.143,73.7354,93.2143,97.1122,95.9989,99.3319,108.533,72.6162,76.7751,63.7184,108.532,76.8024,84.5128,62.6921,78.7078,90.1585,114.595,80.4084,73.9214,81.543,100.048,96.205,110.499,99.088,54.3683,75.0214,93.9861,112.107,69.4119,107.378,87.2476,97.6856,92.6638,69.7153,103.296,91.9999,109.78,86.4613,85.5991,97.5466,78.3117,99.4379,119.179,93.801,75.7854,84.1588,89.6899
0,0,71.6644,5.5052,47.6463,-0.391026,-75.0328,60.6242,-42.9782,77.262,113.256,32.2407,13.027,46.9199,-2.36211,113.852,55.2875,-30.4322,80.6199,36.6493,27.7526,16.4505,5.99087,42.777,-57.6693,60.6353,119.981,119.84,25.167,56.2953,70.1278,113.154,113.199,-20.8626,22.9162,77.9375,149.216,66.3321,175.947,93.0247,140.456,57.5985,150.261,25.2377,100.216,26.8183,57.9096,103.757,58.4169,155.126,63.2014,61.8053,143.249,61.9427,71.1593,144.774,152.911,43.4795,104.963,129.588,148.043,121.755,130.521,166.695,175.58,103.427,158.834,157.203,105.34,78.4106,64.741,93.7172,119.319,-30.4723,81.8901,72.0117,73.1719,104.12,133.043,114.361,82.7842
0,0,119.892,2.22127,13.092,104.982,110.923,101.175,122.662,100.563,101.351,124.624,141.303,79.851,95.675,86.1472,104.9,101.04,108.64,103.82,106.753,107.102,101.203,122.348,101.539,98.1991,137.943,95.5497,100.201,85.6062,118.446,140.89,122.663,110.633,134.899,116.411,117.38,130.382,121.644,131.869,128.08,109.348,101.431,121.943,111.513,117.844,120.458,137.128,138.723,100.698,101.424,121.301,131.46,117.011,129.032,122.036,133.711,136.025,124.286,106.148,154.728,137.605,127.891,115.219,130.196,153.528,131.463,128.22,127.776,127.855,150.222,155.623,137.682,150.686,126.06,125.112,119.509,147.218,161.674,137.901,133.416
0,0,93.7551,2.41305,35.7709,99.5156,122.393,53.6638,137.333,84.1073,41.0177,91.7192,51.7028,81.8653,61.4543,118.427,48.1844,79.9686,80.7036,61.2562,100.538,48.8659,-7.2167,111.117,92.3103,108.371,57.1394,161.663,122.688,98.9975,68.6821,114.455,98.6843,163.398,154.546,90.281,94.2811,78.8792,18.6862,62.3811,93.7576,16.3882,89.3105,116.044,80.474,46.9436,89.5828,108.656,64.8887,111.254,110.53,62.3633,85.2219,51.2412,64.8261,71.6897,99.434,88.385,110.324,107.36,52.9747,148.736,82.9996,116.749,143.085,114.248,54.9037,92.3581,104.456,90.1327,37.7342,142.369,63.1456,111.602,72.6917,122.203,119.147,101.24,78.0625,100.466,101.701
0,0,82.0801,0.268374,21.2973,68.6601,77.7869,54.1654,68.4736,97.2799,106.469,40.2578,27.9799,73.2788,73.0792,98.4206,49.9545,69.3016,63.7158,103.572,87.6897,43.8302,97.6811,68.2877,72.7272,61.4848,102.003,62.1156,67.8305,118.235,59.1492,69.3924,28.2764,61.9588,77.199,80.9474,69.6982,117.577,91.7351,100.318,108.957,89.9113,87.7063,83.8221,60.3148,87.8067,65.7321,53.9005,78.0944,75.0796,85.011,78.3574,107.947,82.0366,56.2656,58.8881,59.3222,97.8156,88.8614,71.4585,81.9292,89.5494,76.9991,56.9005,98.929,88.2943,86.9672,49.443,65.4783,89.5364,86.9252,132.923,79.223,58.2957,109.015,96.943,100.823,77.187,97.2559,72.2514,72.0436
0,0,90.3593,5.15224,11.0298,67.9262,59.9203,63.2544,46.2983,50.3113,57.4041,61.3011,71.2882,58.5366,36.6834,67.9433,47.2679,67.6774,73.7674,66.4271,63.9527,65.7227,70.1261,79.7815,83.7895,75.5927,68.4614,69.4957,72.6937,86.5605,76.3616,64.4806,73.2267,74.7977,88.2846,94.9861,89.2268,81.3369,74.7274,87.4762,92.9503,93.7089,117.135,98.3555,104.534,94.7395,84.5172,110.245,103.152,105.859,98.9765,97.1706,119.828,98.041,76.8231,110.428,103.661,104.573,112.039,98.755,94.507,79.5478,115.901,101.127,107.08,98.6204,107.461,110.083,120.141,134.917,127.72,119.466,146.275,133.141,112.02,117.537,139.959,115.195,123.411,137.991,127.932
0,0,104.066,3.73579,80.7161,21.9027,13.2754,177.562,136.177,27.5644,179.779,-19.6396,176.679,52.395,68.3627,145.649,47.1701,-113.857,48.2445,28.5259,161.786,12.94,33.8834,74.219,87.9123,-2.4893,45.184,184.247,181.85,64.7724,84.8319,252.264,13.3802,57.3092,161.004,113.567,97.0476,-24.2835,153.798,62.3313,126.603,170.331,179.946,160.826,-2.85134,82.445,170.767,73.9601,95.0909,106.459,228.242,143.882,103.865,244.945,153.081,156.83,72.4717,259.119,121.266,32.9459,41.9656,28.1484,167.681,155.917,91.9909,172.574,264.995,114.654,59.0516,269.74,181.839,118.831,127.062,225.771,111.064,73.3742,102.926,146.491,188.916,35.9257,285.937
0,0,111.225,2.44824,7.91317,90.1434,85.0389,91.6429,99.4985,101.788,91.5066,105.352,95.7573,86.8224,107.727,91.7627,87.0467,95.8336,85.8221,101.706,109.514,100.693,108.516,88.0089,105.051,108.92,109.275,104.117,100.134,108.071,115.38,103.615,99.5444,112.124,116.709,99.8039,109.759,102.164,117.508,110.713,99.5284,110.544,121.227,115.347,97.8212,116.667,108.853,118.427,114.425,130.839,105.325,120.73,110.009,114.868,118.145,126.435,107.359,126.446,127.252,116.104,128.704,107.903,106.663,117.854,128.939,132.072,115.981,117.955,121.631,136.782,110.812,135.485,119.436,134.001,134.038,137.535,138.727,116.739,131.237,130.989,136.231
0,0,83.5705,0.38613,14.7143,86.0493,79.8572,86.4668,74.9443,78.2036,76.2162,71.6648,70.4776,73.0782,85.919,102.77,86.5025,86.9831,97.0261,67.6946,99.4004,82.9473,78.6609,64.8417,71.0067,113.293,96.1085,99.8231,104.587,82.6013,78.2795,86.2191,83.2741,114.447,88.9794,83.1471,67.4357,74.1001,102.326,84.3901,94.9851,113.125,47.1977,82.709,67.2047,104.629,87.9674,63.4816,79.7681,64.5958,82.4766,76.1779,134.693,71.2646,85.743,86.5306,83.9598,60.8822,67.0398,89.1023,93.6889,78.6763,115.321,77.0818,60.2378,82.8854,81.1175,77.2398,93.7049,104.895,103.569,111.385,103.407,98.7917,70.7252,96.4264,89.1572,67.9207,114.106,70.0389,78.9122
0,0,87.8644,0.445821,2.86497,83.2546,83.2475,87.0769,82.2109,82.615,86.1675,87.0517,86.1134,83.823,90.3493,84.3206,85.3743,84.2409,87.1806,88.6576,83.7318,82.2061,86.4774,85.0332,85.6179,91.0955,83.2187,87.8294,90.5509,84.7218,87.199,84.543,88.3342,91.9049,83.0475,87.4568,84.6172,85.9811,93.6374,86.755,83.4598,93.7668,94.927,83.5127,89.7989,93.3512,89.159,87.6159,85.4909,92.3682,90.573,92.7456,88.8395,90.261,85.4469,89.7652,90.2222,86.2245,93.2295,90.2562,91.5653,89.2125,89.1212,87.1384,89.1148,85.9239,91.1129,88.0786,89.819,94.0613,86.5594,85.7584,92.4272,95.2377,86.0654,95.9358,86.839,93.8736,90.6991,92.7036,98.6781
0,0,108.018,0.391954,35.9972,113.25,109.27,143.427,91.6151,121.667,87.6786,105.298,106.974,112.28,78.9416,102.599,145.192,68.3226,42.2717,36.4433,74.1262,115.932,103.833,169.098,56.2621,107.955,114.767,125.596,79.8568,144.881,40.7919,76.4762,95.6586,77.4565,120.432,156.744,126.735,106.553,110.082,147.586,70.2745,153.411,86.2904,83.11,97.8791,158.405,117.09,97.7351,104.037,73.3842,96.0781,50.1733,106.623,131.456,151.909,102.161,78.7485,85.4626,77.9619,86.3478,108.268,131.279,114.246,185.768,84.8572,70.3212,110.18,34.3263,159.066,87.6983,133.749,89.0009,153.771,135.81,120.564,100.749,87.7391,122.774,72.0981,110.163,121.604
0,0,125.826,1.40581,5.69035,115.078,109.781,120.897,117.849,124.437,121.571,116.308,113.346,123.45,117.57,126.764,121.854,123.579,102.086,121.67,121.091,115.242,120.26,125.407,124.583,110.239,120.411,129.545,123.959,121.983,122.48,131.032,122.694,132.127,125.153,126.414,125.663,121.689,126.768,124.56,112.367,127.093,123.788,128.872,135.954,129.65,121.951,116.845,121.599,132.053,130.06,125.403,111.207,124.047,134.185,128.081,136.525,128.393,131.687,119.366,125.367,134.674,119.984,120.488,144.446,145.017,133.159,137.362,133.598,140.002,145.797,131.132,146.117,134.046,124.974,139.218,135.807,138.394,123.443,134.079,122.962
0,0,109.583,6.90429,38.6109,54.8537,18.2672,49.9989,60.5748,57.9694,24.2965,68.3813,135.898,144.364,70.1409,79.3322,98.1489,33.6352,52.0724,74.391,69.9218,124.341,107.596,56.3337,124.382,136.509,88.3361,103.294,74.2649,130.858,18.3212,98.0045,7.4321,73.7626,180.331,97.0576,188.908,123.748,77.0881,126.395,150.002,77.6556,88.2766,129.895,103.226,134.55,81.9689,129.58,88.9008,115.358,106.693,155.75,63.6235,94.1489,93.9532,175,101.211,140.097,99.7129,79.4873,75.1864,131.832,182.768,144.904,143.794,130.426,180.688,184.683,116.892,182.002,138.617,151.001,112.508,163.263,168.12,131.489,150.626,103.237,119.453,130.1,166.843
0,0,95.7777,0.571445,17.0854,83.7111,83.8977,86.9479,115.945,103.742,97.3555,101.329,82.9651,101.048,85.0291,76.6726,96.3044,77.1628,101.845,78.7532,91.8643,69.3723,82.6006,111.442,83.4441,125.296,81.7396,90.5957,51.4942,105.278,87.1437,87.2836,114.651,90.6672,80.6021,117.903,79.2175,75.2021,65.2582,88.279,80.5126,97.729,88.6976,100.514,106.127,91.7735,95.0934,103.436,120.528,94.9703,104.459,96.8922,103.531,100.938,83.1443,100.478,91.3091,70.4192,116.438,87.8638,101.277,76.6182,125.543,78.0144,124.735,97.2108,91.3591,105.068,115.941,115.032,103.553,103.148,87.9846,129.708,132.514,108.894,117.732,78.5753,79.5811,114.712,93.689
0,0,82.8035,2.62084,2.80515,67.6472,63.4511,63.6519,67.0027,62.8337,65.9717,66.2198,69.5731,67.9369,71.4309,70.0513,64.3425,74.5269,68.9952,72.0056,70.0775,70.8997,75.2516,72.3645,74.1026,71.3288,77.5266,79.7947,73.7455,74.6521,76.7145,79.2806,72.2473,80.9562,77.7263,79.8466,87.4276,79.3707,77.1271,78.3604,84.9889,80.9848,87.9212,85.0209,85.2259,89.038,85.658,86.1714,90.4738,93.5839,89.2134,90.261,90.8513,90.3138,89.7993,85.6233,90.9916,88.0563,91.5396,90.4236,91.5483,90.5301,91.859,94.9423,91.7712,93.7181,93.9672,96.3041,94.6553,99.1367,98.3984,94.371,101.272,103.26,96.6384,96.4916,103.569,94.7726,101.869,108.32,103.245
0,0,92.409,2.91396,0.37687,71.9194,72.3794,73.1883,74.1938,74.1691,74.8215,75.5331,75.9643,77.1682,76.9463,78.2965,78.1688,79.4763,79.3322,80.4646,80.8594,81.0927,81.7181,82.0591,82.9395,83.7076,84.6571,84.5416,85.5766,86.1643,86.6668,87.2594,87.3251,87.7384,88.2403,89.6413,89.9211,90.5982,90.6138,91.8341,92.2717,92.8569,93.9128,94.5901,94.4537,94.7477,96.3394,96.5443,97.2222,97.8658,98.3084,98.8237,99.2996,100.055,100.879,100.817,102.235,101.869,102.847,103.496,103.862,104.811,105.047,105.841,106.562,107.02,107.467,108.148,108.153,109.336,109.995,109.841,110.447,111.527,112.024,112.61,112.685,113.596,114.479,114.675,115.569
0,0,128.765,1.59657,5.948,113.989,111.804,119.13,115.434,114.838,123.496,124.753,119.108,116.831,124.528,115.691,115.057,121.98,115.579,118.963,118.848,118.092,125.648,122.372,116.385,132.795,124.644,131.237,117.17,114.896,120.234,133.324,121.604,111.181,118.025,127.248,136.001,129.675,121.908,136.75,128.887,132.608,125.929,131.792,129.866,126.419,135.948,125.125,133.625,135.86,129.193,129.923,134.062,120.403,135.7,137.768,136.171,132.491,134.949,136.658,133.29,129.253,140.249,130.23,134.556,141.628,135.614,128.621,137.249,138.262,129.337,147.061,138.265,145.856,148.659,135.277,133.535,139.316,138.204,144.138,136.894
0,0,85.0438,0.853034,17.9439,109.058,71.8925,49.7438,92.539,62.8605,79.4671,95.0213,87.0046,88.6197,63.974,99.4264,94.8061,101.966,79.0806,83.9398,56.3998,95.4894,56.2861,63.4614,101.634,78.3798,38.7544,98.693,92.6877,84.5118,93.9244,81.9677,79.89,19.5549,102.44,109.717,83.561,82.4386,82.8323,79.5004,65.2289,100.077,76.6577,83.5099,91.8582,90.7645,96.0827,88.7438,79.0956,80.2035,106.457,104.015,76.1169,94.2882,116.133,98.5555,88.3021,124.852,86.7009,93.8485,67.9961,92.0131,79.5397,84.6801,95.5658,84.0079,69.6093,80.3353,116.454,103.189,76.2763,89.1324,77.5225,102.687,72.7935,118.823,69.5764,74.3578,112.025,90.4431,106.246
0,0,146.225,1.18243,7.91016,138.685,129.154,136.171,150.955,135.277,143.944,137.545,147.419,133.73,147.116,140.291,134.587,131.557,155.568,133.076,152.137,127.763,140.708,135.546,132.26,155.716,133.101,134.5,122.807,147.401,136.48,149.558,150.364,147.687,147.906,135.507,138.977,129.403,142.759,144.311,149.477,141.296,158.457,150.051,142.077,155.611,164.372,138.654,155.383,159.057,151.106,140.26,154.71,152.47,139.079,153.991,152.987,139.915,150.386,144.365,149.438,149.456,150.62,157.458,143.888,151.51,161.18,141.242,162.874,153.912,146.604,168.501,164.031,159.548,155.998,152.998,157.029,142.836,158.537,161.372,151.466
0,0,117.023,0.283304,93.9107,88.5628,144.014,54.552,-30.1113,223.913,241.268,37.6248,4.90504,156.448,82.5889,207.726,164.296,37.1915,305.729,62.4341,127.751,187.762,200.03,67.6126,281.871,302.427,39.6612,69.4441,55.0477,218.633,264.507,47.5142,186.41,21.6442,201.816,22.7022,5.06348,139.678,45.0887,67.29,266.02,175.036,102.325,125.221,146.721,44.5338,-60.9341,213.991,112.832,248.18,234.935,222.37,44.3289,355.851,133.397,263.179,-16.6454,52.1973,125.858,112.915,-56.8627,119.483,179.192,-134.441,89.6664,186.029,142.913,-19.0865,146.838,76.8132,-73.9982,185.427,121.559,44.5453,112.634,184.231,81.4035,32.1765,86.5223,116.655,155.838
0,0,96.2598,0.654433,11.4374,86.547,95.3209,78.0225,93.7256,96.7199,73.8391,81.7005,93.4436,99.4453,99.9019,101.958,76.8953,114.851,75.4295,95.1127,80.4155,104.27,75.9299,77.4317,85.6071,84.438,103.16,119.669,80.009,94.0629,82.9207,97.8285,84.2309,96.2776,75.7808,95.2726,96.2464,92.3988,94.2424,103.022,119.524,89.4387,94.7572,91.4089,116.863,92.5293,103.919,112.948,89.6157,95.9052,86.2868,84.1774,92.3581,84.5744,105.151,95.6054,82.6185,97.8633,95.258,83.1843,96.8425,110.067,100.268,97.5834,103.062,99.8179,99.1601,86.249,96.8187,103.257,104.093,91.6101,79.2402,98.8162,88.721,94.551,101.586,105.043,89.7146,100.859,107.392
0,0,89.6934,6.00457,25.4728,51.0998,44.1509,48.471,-7.50953,73.8011,78.3204,40.153,28.1739,57.2401,101.553,87.9529,40.6574,80.9119,107.154,5.37099,59.1696,102.533,74.041,39.8579,95.8587,25.8851,73.1665,77.3743,74.3154,117.696,86.8159,99.033,128.69,100.365,77.6925,84.7315,127.617,116.715,85.1683,82.206,60.9471,96.7986,109.511,67.4208,111.121,86.6624,93.0498,90.9752,98.2321,86.5814,118.696,105.215,164.031,130.132,116.473,129.053,116.428,91.5156,101.27,57.8482,107.286,107.47,97.9295,88.5026,81.7836,120.037,103.115,95.4472,136.854,161.146,157.412,132.946,150.869,106.94,137.66,119.906,138.083,172.413,148.135,104.259,91.1792
0,0,117.137,0.337313,13.019,132.219,115.144,93.2969,118.189,112.196,101.678,131.401,108.572,119.059,120.188,130.537,111.305,121.356,108.087,114.795,131.863,113.963,131.306,126.211,118.524,103.414,107.634,110.596,92.6083,115.2,117.551,128.279,97.7798,118.646,110.205,115.409,131.893,119.565,116.697,103.427,112.404,117.626,123.015,136.923,117.428,105.327,122.731,120.082,140.48,100.307,137.085,135.112,120.82,112.737,102.219,95.3963,123.01,78.2543,117.794,126.791,115.788,115.947,104.631,99.9385,129.518,103.735,126.351,130.056,108.829,133.496,110.272,94.9454,135.341,130.455,100.149,111.702,111.099,92.7379,120.725,103.499,106.563
0,0,105.331,0.664234,74.6552,66.9242,32.1815,96.3462,261.47,31.2027,-16.8123,67.1448,66.7198,154.912,39.8523,32.5452,249.497,91.5751,99.8455,50.3808,128.547,107.66,130.298,139.27,54.4384,104.539,162.402,154.835,94.8475,187.229,207.515,114.192,58.7557,254.014,-64.8974,76.2067,127.213,202.944,169.001,66.3292,84.9031,85.0991,236.593,103.26,68.6238,-84.9789,-2.34454,36.1647,3.93368,98.0383,105.735,107.761,70.977,8.94372,92.3814,212.232,95.3341,-57.1161,97.0796,-56.264,211.815,53.0836,143.978,108.109,-53.3665,55.9429,167.268,187.36,157.426,46.2057,126.212,65.336,149.567,84.1453,257.344,269.33,162.302,186.04,62.9997,38.3304,117.037
0,0,67.7412,2.37768,3.76635,49.2925,46.2347,43.9695,56.8231,50.4064,53.0398,49.7829,52.1024,49.56,55.0017,56.3997,56.5434,51.686,57.8189,56.8483,61.1337,56.8448,58.896,57.3308,53.867,64.1146,62.878,59.1519,61.7073,62.2969,64.4629,63.2676,61.0036,63.4095,72.3631,67.2339,63.4113,66.3491,64.9452,65.545,69.459,66.9805,73.2248,69.5249,69.4542,76.8645,71.5483,73.9707,72.673,65.0527,75.1978,67.1048,72.0312,71.7919,74.1983,79.5751,81.4987,81.9743,82.246,79.9855,83.9095,77.6597,83.8113,73.9901,82.035,76.2461,84.0721,74.619,79.8163,79.8784,78.5315,84.5425,84.4705,80.3628,85.996,84.2382,82.2444,89.2435,94.3699,82.738,87.3602
0,0,89.2791,1.05298,43.1903,105.328,77.4915,-6.65551,37.6572,78.7139,134.825,68.6065,128.507,58.553,72.5543,137.186,118.94,127.919,102.528,55.0974,56.4873,151.049,9.15374,79.6789,13.6015,136.289,46.0943,21.3459,80.7198,139.232,83.0855,128.236,77.1631,31.9337,17.2669,79.6074,126.524,41.4947,30.8417,131.939,137.172,107.056,148.524,65.8845,51.5368,179.213,-41.9669,101.141,123.676,65.1174,29.7034,111.184,100.51,27.8011,82.1075,93.3489,100.826,90.479,149.999,140.531,99.9223,14.0613,29.9943,129.808,83.3425,130.106,82.1761,97.6353,82.4327,155.701,119.73,33.4298,72.1141,89.4885,112.001,135.79,60.4315,230.267,101.268,86.7159,119.672
0,0,120.296,0.775812,17.5231,92.9374,126.089,110.782,112.829,103.06,97.8811,127.087,123.627,112.769,117.443,133.846,98.4206,102.537,134.017,118.392,80.2655,114.265,140.435,122.264,102.029,128.565,100.266,93.2685,120.583,119.364,113.271,119.868,121.751,97.2554,109.593,116.485,129.303,92.8492,102.543,112.714,142.751,134.067,107.556,127.219,109.094,104.594,93.1598,124.048,114.072,136.93,121.99,149.994,131.45,102.351,140.659,128.632,145.029,131.658,119.752,137.356,92.0522,115.142,136.263,126.455,118.71,136.024,130.844,122.408,111.568,125.422,134.05,100.426,141.331,131.829,136.849,131.282,117.466,113.113,154.948,133.999,118.543
0,0,110.83,2.12239,3.67042,98.3444,96.5377,92.0316,97.0778,93.9237,101.966,100.621,95.8787,93.6278,96.6686,100.863,94.1434,105.415,104.31,96.5339,102.949,100.719,104.426,107.161,101.225,108.934,104.98,106.016,101.406,109.156,111.79,108.309,110.984,108.304,105.391,106.643,106.788,112.672,108.408,107.414,109.761,111.184,106.745,114.451,115.991,114.568,112.219,114.673,116.615,117.543,111.844,118.599,110.894,113.059,119.106,117.829,118.683,115.215,118.993,118.728,127.029,109.728,120.839,114.987,120.112,116.178,123.4,123.854,118.11,121.969,126.092,126.571,131.223,127.14,125.527,127.214,126.507,130.68,124.509,125.987,136.536
0,0,96.8242,0.833407,3.33038,87.9836,96.3789,85.6847,88.3635,93.0659,86.7387,91.053,93.66,88.9894,93.9788,91.2297,91.1276,89.7987,90.8395,96.0511,93.8448,93.1321,94.119,90.0418,101.73,90.4215,94.0811,88.1237,95.2291,90.7275,94.5762,96.437,94.8318,96.076,106.235,96.1838,100.541,101.406,94.8739,96.9275,99.4953,99.3582,99.3525,100.109,96.131,92.6093,95.9401,97.0025,97.0757,98.5759,93.9182,98.2886,95.038,100.622,99.4011,103.793,97.1145,94.1939,103.435,98.6075,105.649,99.4625,95.2971,98.109,104.791,106.683,101.055,95.181,94.6801,101.08,106.923,99.8631,104.703,104.2,98.1991,102.443,101.773,110.505,107.123,98.884,106.969
0,0,101.907,0.249291,45.8913,117.028,120.487,155.045,112.376,125.165,56.5786,32.3341,117.387,155.352,98.8277,161.428,87.4224,109.966,108.256,61.4014,53.0689,155.482,105.272,115.084,136.698,123.959,126.618,166.331,49.9506,55.1959,114.977,54.3336,72.8961,147.81,51.5063,98.2288,175.044,55.7501,145.048,185.476,15.2179,83.8156,94.9962,63.5419,140.817,168.602,88.5065,187.011,91.0225,69.2574,133.562,88.912,63.5438,35.3638,82.0323,67.87,268.076,49.9469,173.497,102.742,126.251,95.2129,111.596,22.0889,71.9521,71.9202,47.8398,172.609,163.668,104.054,110.193,156.131,116.446,59.9996,79.3418,95.6267,130.326,156.722,100.742,30.5781,132.305
0,0,87.6737,0.933155,1.0156,81.0809,81.1939,81.8426,81.6336,82.7061,80.0078,82.4485,81.1019,83.5385,83.8409,82.7381,83.7011,83.9188,83.9817,85.2037,84.6638,83.9431,83.8202,84.0977,84.2903,83.1394,83.7087,86.1891,87.3007,84.7189,85.45,86.7706,85.8612,85.1216,87.2049,85.294,87.2242,85.7539,86.1609,87.177,86.9108,87.9692,87.1717,87.3068,88.0576,87.4779,87.2801,89.5156,87.1752,89.4818,90.8512,88.587,90.4414,89.6764,90.0237,89.0482,88.1088,91.214,91.34,90.5055,91.2866,91.1389,92.6714,92.6963,91.8845,93.4648,92.4956,92.7216,93.1864,91.5583,92.8813,92.1197,94.049,93.9284,92.288,94.934,95.247,93.5932,94.2939,94.3783,96.7512
0,0,111.997,0.983114,0.902767,103.427,105.785,105.881,105.246,105.756,104.87,105.358,106.238,108.062,106.172,106.706,106.558,108.09,107.365,109.87,108.779,109.108,107.782,108.356,109.08,109.78,107.381,109.476,110.578,111.027,110.178,111.62,111.382,111.318,111.414,110.841,110.478,110.864,112.878,112.707,112.377,113.199,111.632,112.947,112.325,113.529,112.05,113.655,114.072,113.851,114.013,113.412,113.97,113.701,115.001,116.422,115.579,115.531,114.912,114.849,115.809,114.729,116.921,115.268,117.58,116.636,117.796,117.684,116.005,119.513,118.14,118.318,117.315,119.749,118.789,118.305,119.479,121.132,119.452,118.184,120.665
0,0,65.678,0.393725,22.9279,74.133,71.0271,58.5358,54.6189,48.5817,33.4104,94.4696,116.853,88.9924,60.5438,103.318,52.7473,105.326,67.2483,49.3478,105.353,90.204,48.7696,82.8294,76.0425,108.836,80.2122,50.2333,26.7243,91.8779,38.6427,65.3717,27.0595,76.3409,57.1697,42.09,82.6873,58.4904,70.9968,68.5276,69.7768,99.0312,73.7523,53.7395,22.7269,59.7433,42.9896,82.0399,36.054,83.8569,77.3837,47.2855,98.0708,38.1316,74.2147,56.2199,13.3904,48.0865,100.548,74.7614,91.4993,52.5837,61.0114,98.5152,50.8171,35.4481,80.8834,78.4866,30.0511,107.82,110.265,57.0082,45.3979,91.7286,55.5758,84.4002,43.0285,76.7228,75.1662,82.6562,50.5235
0,0,105.862,0.761221,11.911,90.5408,87.9898,90.854,111.876,99.0711,98.8753,116.27,133.723,98.0849,116.509,98.6131,104.799,119.916,103.702,110.046,104.334,109.031,112.854,109.327,98.2354,111.733,105.499,106.096,119.012,91.4046,101.229,114.293,79.9667,99.3963,102.531,130.413,96.7336,116.665,94.2591,85.6691,102.785,107.701,95.275,114.129,98.1549,88.868,109.765,117.906,107.01,132.044,124.376,121.691,97.6977,111.789,112.484,91.8323,125.563,93.0517,103.986,102.832,108.786,117.553,118.571,119.778,102.332,129.177,128.436,120.144,123.369,95.0687,125.594,95.4139,86.1292,110.045,114.974,122.167,128.154,117.957,99.5153,117.611,99.2774
0,0,107.064,0.291373,0.11055,105.019,105.395,105.107,105.294,105.32,105.256,105.381,105.358,105.745,105.461,105.628,105.501,105.557,105.847,105.839,105.816,105.961,105.975,106.141,106.135,106.342,106.124,106.311,106.411,106.35,106.518,106.521,106.598,106.702,106.765,106.943,106.795,106.935,106.977,107.036,107.158,107.101,107.115,107.11,107.279,107.308,107.494,107.6,107.659,107.657,107.83,107.779,107.69,108.028,107.916,107.762,107.772,108.014,108.259,108.085,108.309,108.346,108.148,108.384,108.478,108.494,108.576,108.613,108.723,108.627,108.811,108.856,108.975,109.081,109.102,109.081,109.217,109.037,109.373,109.193,109.314
0,0,60.2604,1.51359,0.179265,49.8935,49.9356,50.3071,50.7434,50.8545,51.292,51.468,51.8221,51.8662,52.1683,52.3377,52.8889,53.5538,53.4831,53.8325,54.1354,54.4489,54.7676,55.1075,55.7368,55.6806,55.4815,55.9938,56.4575,57.1776,57.3253,57.6385,57.8862,58.1739,58.3645,58.6927,59.0117,59.2636,59.584,59.4232,60.3456,60.326,60.629,61.2193,61.4851,61.8829,61.7517,62.2027,62.7663,63.2649,62.8398,63.5249,63.9182,64.142,64.4272,64.9334,65.0153,65.4066,65.5489,66.1843,66.1544,66.6403,66.9774,67.2145,67.3323,67.8246,68.2071,68.18,68.6424,68.9052,69.4569,69.5289,70.3829,69.8608,70.2541,70.9906,71.2478,71.6136,71.7835,71.9603,72.2952
0,0,96.1412,0.215563,28.0548,101.26,136.79,116.044,28.9111,95.7442,25.6406,97.8973,139.803,129.626,141.616,139.058,91.7258,98.0891,82.2524,104.946,63.5222,101.327,94.3147,111.026,120.419,104.445,101.136,144.188,97.5029,97.2954,68.1306,114.869,77.5666,86.5687,125.665,79.7529,22.9677,95.9193,144.419,107.565,113.011,56.4594,69.643,74.0015,97.8576,117.178,112.93,82.3436,116.675,146.997,146.2,91.6251,114.484,93.2627,78.5132,79.1975,112.562,64.1559,65.8581,48.8456,101.888,126.27,139.08,42.8305,146.85,70.3611,104.083,102.093,48.0713,137.537,86.1871,103.299,84.0173,77.4082,133.566,153.012,90.6575,95.9649,81.6035,95.3596,93.4976
0,0,93.369,0.441919,76.016,62.8804,147.009,43.6685,61.8902,119.958,262.27,-7.46928,72.4543,11.6833,91.4633,285.796,49.0587,144.775,190.491,190.686,-37.542,183.26,19.6509,173.08,190.923,81.9531,51.3225,86.4681,40.0234,135.152,316.542,57.1763,99.4839,185.765,108.578,172.411,77.1416,213.336,44.0137,191.178,-34.4634,166.779,144.289,133.812,255.855,-42.2722,188.928,158.621,36.4958,28.3645,166.906,-64.2713,-115.686,26.3803,47.8429,54.6381,133.29,85.2291,88.0104,23.4964,73.4402,55.6172,147.4,12.4443,140.936,88.3158,32.6047,235.741,62.6297,126.769,2.87071,88.8194,160.948,51.6346,-0.566237,179.017,-1.37566,94.3387,75.1516,-15.2954,15.354
0,0,86.1978,0.93989,6.86707,80.58,80.4559,82.8412,85.7492,76.2002,73.162,94.6953,77.7211,76.2183,84.9976,77.1096,86.4467,78.5728,73.2921,80.6612,84.7719,75.6752,85.4647,79.4719,93.6516,86.9172,84.7121,84.7632,95.7511,86.3529,84.4581,89.3712,74.5454,84.4055,86.1811,84.1972,102.863,97.8527,74.4957,78.9634,79.7288,92.4851,81.5097,84.7658,95.8737,69.3236,79.2246,89.6479,105.873,93.5037,88.2022,92.0995,83.5894,96.3961,89.9644,91.7639,87.1315,104.557,90.2532,90.5586,98.1839,90.1645,86.0554,103.03,96.4274,71.5736,88.4221,93.4867,91.1485,91.4543,104.851,83.8619,83.818,90.3889,88.2728,98.4384,87.5664,90.4969,91.1606,93.9054,90.3778
0,0,119.013,2.482,22.7116,83.2734,71.1079,84.3818,143.979,75.4412,96.9946,99.542,127.693,116.926,113.821,140.088,139.704,121.939,94.8178,105.7,109.715,177.093,171.022,90.3402,110.567,163.991,100.85,91.7415,113.55,130.072,110.397,121.511,126.785,137.601,128.725,139.078,101.725,126.107,115.512,138.542,100.838,80.8915,96.2218,89.5186,100.671,69.5329,139.336,94.3939,91.6072,139.968,88.5993,117.766,119.061,139.651,168.142,103.146,103.249,92.459,125.83,118.303,134.35,154.686,152.969,120.592,140.824,107.072,137.849,122.324,123.196,136.434,111.376,114.823,84.702,127.945,100.888,176.375,129.056,184.818,148.919,132.116,136.063
0,0,134.81,2.66585,2.31918,115.226,114.427,114.982,121.707,121.702,118.971,119.197,119.704,121.644,122.245,121.636,118.716,122.959,122.035,124.342,125.727,124.679,124.858,127.124,123.45,127.095,127.157,126.093,127.17,131.265,129.093,129.278,132.199,131.465,132.381,133.668,132.867,130.327,136.07,133.187,136.933,138.266,138.236,136.87,135.335,135.505,135.669,137.484,136.221,141.066,144.255,139.056,143.665,144.245,139.786,142.643,144.203,141.756,142.144,148.897,146.297,145.444,149.969,145.323,150.233,146.83,148.214,150.769,151.613,154.326,146.533,150.912,155.454,148.951,150.232,157.873,153.788,153.222,153.014,155.153,155.227
0,0,120.101,1.52111,6.52183,108.84,116.28,109.875,113.851,126.795,116.775,115.705,116.346,109.174,114.843,105.557,105.359,107.001,119.31,119.215,115.398,105.25,114.229,122.464,104.036,110.325,107.534,115.413,119.188,112.147,119.035,106.306,112.455,110.331,117.264,117.046,128.259,130.897,125.59,114.19,119.734,131.306,110.902,115.757,118.236,133.409,117.45,131.886,117.23,108.924,118.297,120.112,131.436,115.406,126.042,125.058,117.666,128.138,129.425,118.789,141.707,124.986,127.06,119.352,129.041,115.292,129.378,146.306,128.324,126.37,126.753,134.965,128.43,134.268,138.978,123.17,126.228,137.613,146.64,136.308,125.134
0,0,84.2877,0.516543,49.0514,61.5346,88.9433,49.785,191.433,60.5699,153.666,50.715,58.4923,36.7028,116.286,118.976,77.5978,115.896,135.056,112.108,100.032,140.943,92.517,8.66399,80.7976,39.8856,146.038,0.422508,228.598,-17.93,176.568,19.4964,118.659,-3.90754,77.4505,35.9259,47.0027,104.357,154.975,29.7482,62.5493,48.3736,135.648,64.3501,85.5045,173.77,59.2767,58.1705,22.6847,71.3989,105.553,117.56,121.429,32.5968,59.4297,112.463,60.992,7.07418,133.497,110.991,65.7647,131.544,95.5884,120.595,98.1797,98.7143,93.6363,97.1665,71.3781,99.9707,141.645,116.246,89.7711,92.3754,153.742,163.952,223.034,185.576,157.443,8.38173,89.5688
0,0,102.133,0.0623009,18.4553,109.842,101.766,105.385,130.79,87.0791,100.879,83.4778,113.721,85.2182,114.987,90.215,109.298,62.191,108.78,97.9102,104.016,85.6194,101.588,102.012,94.8992,114.938,83.9514,102.24,68.6003,99.6011,118.685,99.9189,65.1517,101.622,101.226,99.3423,130.844,128.774,100.357,84.9098,85.0406,69.2107,99.6323,119.917,76.2508,76.5511,101.747,73.3789,126.049,119.532,110.476,88.0766,113.563,104.868,100.667,130.768,83.5317,109.642,106.712,108.653,103.72,67.6765,76.9944,83.5208,78.3052,94.1694,117,95.0193,99.827,64.4348,142.344,78.6203,109.627,110.198,111.976,106.181,121.205,101.649,127.034,125.035,116.002
0,0,124.481,0.544744,38.6315,186.457,147.631,124.44,134.646,127.787,172.355,107.689,164.703,162.303,141.616,63.4652,123.192,20.8859,159.652,108.679,83.387,164.268,159.352,29.8022,73.3525,223.144,68.6264,228.129,153.976,121.757,162.063,151.315,142.129,90.2365,83.2124,116.459,169.449,78.8102,161.953,134.727,160.527,70.1315,148.366,63.5645,127.688,190.918,144.646,188.337,120.821,82.4435,78.1994,150.723,105.634,85.0039,153.618,161.738,147.199,174.521,128.926,136.97,124.037,192.254,195.749,148.015,96.9071,168.298,116.157,111.803,108.019,124.117,182.732,102.491,119.261,127.277,88.4773,101.552,50.2354,190.422,126.552,166.442,81.077
0,0,154.975,1.09307,0.787733,148.491,147.638,148.246,148.17,148.27,147.193,148.827,148.343,148.509,147.547,150.644,148.398,149.741,150.665,150.957,152.373,150.488,151.757,150.733,151.258,151.396,152.848,152.439,151.863,150.876,152.549,153.201,153.112,152.798,153.433,153.151,154.578,154.409,156.283,154.305,154.175,155.376,157.021,155.651,155.091,155.589,156.598,156.967,158.386,157.915,158.177,157.01,158.18,158.65,157.422,158.46,158.188,158.626,159.532,158.655,158.916,160.027,158.716,158.914,159.791,160.382,160.393,161.832,160.581,160.351,160.589,162.555,162.313,161.003,162.38,163.105,162.705,163.401,163.927,162.791,162.344
0,0,113.031,0.237921,1.60595,107.949,109.066,109.999,111.713,113.611,112.317,112.622,110.206,112.246,116.289,112.489,108.183,108.858,112.879,113.755,110.871,114.378,111.234,116.375,111.993,110.185,110.206,112.925,111.801,113.398,113.519,111.905,112.139,113.054,113.022,111.053,111.599,111.619,114.358,112.111,112.792,113.473,113.181,112.148,113.811,113.684,113.907,114.897,113.122,111.28,115.628,114.39,113.746,115.72,113.241,114.2,113.115,117.801,114.928,112.344,115.414,112.541,116.374,113.437,112.807,113.289,113.668,115.673,111.881,111.816,114.382,115.43,116.017,110.775,116.843,115.825,116.635,114.982,113.336,111.464,115.583
0,0,124.207,6.53335,1.4843,78.2757,81.1336,80.9353,84.4319,83.9026,83.5797,85.6711,84.5593,87.9626,89.496,92.3975,94.6903,94.8676,94.8771,95.6727,97.9764,100.467,100.871,102.082,104.98,103.203,107.615,106.575,108.978,109.034,110.285,111.615,114.729,115.455,116.544,119.151,122.041,118.829,120.142,122.291,121.892,125.033,127.564,126.826,128.721,131.636,130.799,134.146,133.577,134.916,135.422,138.383,141.109,142.315,143.845,141.286,145.771,146.777,145.062,146.502,151.2,153.754,153.364,150.748,155.453,155.265,161.703,158.334,161.096,163.934,164.123,164.71,162.567,163.994,167.621,167.929,171.814,170.913,171.644,173.563,177.84
0,0,105.435,1.07142,22.3633,98.4295,101.883,121.947,111.864,95.7314,97.7594,71.0956,97.8461,72.3258,95.4003,94.5844,109.178,97.9331,77.1474,149.918,134.78,79.7788,70.5838,36.3762,100.382,93.1739,97.3187,109.558,63.9032,93.9259,130.044,82.7057,122.715,97.6513,82.609,154.834,115.646,122.794,84.1272,105.836,120.917,116.431,151.213,108.422,102.513,63.5665,136.897,105.814,131.13,123.358,111.678,67.7805,90.5712,123.372,85.8656,102.068,122.039,104.177,126.215,112.19,101.908,131.396,75.0211,135.149,122.311,84.2198,126.655,112.529,96.4098,110.034,139.416,131.213,124.345,118.762,116.511,125.328,117.416,121.453,74.7264,96.4712,133.872
0,0,112.474,2.67665,5.3089,82.3871,100.715,109.743,94.066,104.03,103.475,100.78,95.2433,98.5668,98.0628,89.3015,112.093,108.909,99.4892,100.693,113.774,99.9797,106.427,106.588,112.086,100.035,104.237,111.406,104.846,108.287,107.646,112.96,102.858,106.916,109.424,105.222,107.705,111.749,106.664,117.316,108.889,113.156,116.345,118.53,113.398,102.859,112.768,115.783,119.457,118.76,100.339,115.943,119.433,133.941,127.614,123.954,113.397,124.793,119.559,111.74,119.255,122.397,120.292,123.721,131.407,124.819,121.37,120.969,132.464,127.402,134.199,123.655,133.63,127.785,119.556,136.423,129.179,136.983,138.952,125.82,142.6
0,0,95.7788,0.23754,7.29704,90.8327,81.3195,83.5922,101.262,91.4837,88.2427,104.294,87.8815,88.1908,82.3899,90.0798,95.3763,80.5869,85.2683,90.904,95.8737,95.6874,105.723,90.8929,80.9834,92.9597,95.3643,97.4025,99.4925,106.361,96.2534,86.4159,94.9483,88.3807,89.0295,96.3903,105.904,107.554,83.76,90.6367,91.2636,100.764,98.8675,99.024,103.203,93.0416,105.29,109.316,107.852,87.7028,91.0527,88.3589,99.5125,92.4461,101.143,89.5509,103.366,91.3567,99.5579,88.0533,98.3896,100.942,97.9861,86.8014,97.3594,93.1266,84.8724,99.6276,95.0359,107.521,94.9204,105.911,94.5258,97.8245,93.1359,98.521,94.5917,90.9512,101.276,102.16,104.197
0,0,88.7587,0.385375,1.74463,82.4653,85.3372,86.1014,87.749,87.3535,84.0968,85.4061,86.82,86.2832,84.5439,85.3959,86.5602,87.0077,87.893,86.0569,85.5956,87.1528,89.6214,86.0966,86.7919,88.355,86.9348,85.4362,89.5201,86.155,88.5933,85.5791,89.0324,85.0616,88.3471,86.6867,88.2011,89.4184,88.337,88.39,84.8955,87.1751,87.9889,91.0806,87.5105,87.9793,91.9046,90.9683,87.9786,91.9851,86.0109,88.3764,87.8752,90.3124,88.4381,88.7265,88.7438,89.5737,93.6346,90.9624,91.0057,88.3881,92.5636,91.4564,91.6195,89.2486,90.0023,86.1213,91.5001,91.8067,92.3187,92.5321,93.1434,92.9089,89.7207,93.3231,89.1782,88.1188,91.0221,93.5571,89.9874
0,0,123.492,0.665569,46.8436,41.1465,75.2978,143.483,174.485,114.353,130.4,111.531,107.707,130.524,49.5377,179.24,104.751,118.216,121.988,80.8399,81.6474,112.511,127.709,156.788,80.992,59.3391,118.085,76.4734,55.9589,135.118,113.653,184.348,76.4888,156.63,81.0663,189.988,189.416,151.332,137.57,183.362,59.2661,116.381,70.9528,126.862,169.051,89.6854,75.035,52.9288,111.643,117.986,163.006,34.4262,161.756,55.2897,102.33,72.3188,80.8046,99.9543,144.738,108.914,105.019,111.995,91.4595,77.531,133.49,133.504,126.33,84.9825,167.6,132.654,112.03,141.779,141.659,97.531,140.385,113.099,138.833,79.2445,97.6062,87.1758,130.758
0,0,112.039,2.2863,28.3498,97.993,83.7488,86.1222,92.0933,112.248,76.3307,69.0651,81.4594,90.4867,129.711,130.018,118.22,114.669,131.374,143.741,137.294,95.6006,98.5169,62.9383,98.7706,110.723,115.095,148.245,167.087,64.1413,70.6865,97.8949,112.556,131.458,67.1784,142.853,97.317,103.988,114.92,129.214,88.9782,153.873,124.428,77.4493,152.262,108.495,62.298,151.466,94.2399,107.115,93.0993,89.4393,144.95,103.606,129.917,84.4578,174.767,138.088,96.5614,129.349,123.994,134.598,145.318,96.5875,103.189,93.8568,167.926,99.8278,97.4852,115.445,143.972,137.014,132.799,135.118,124.472,130.76,123.367,82.3593,165.461,178.649,127.433
0,0,87.3521,2.07325,2.76112,72.3572,73.1774,78.3469,73.0348,75.648,75.4221,71.988,74.9219,73.277,81.1026,72.7536,76.7382,81.471,78.8329,80.9505,79.914,81.8552,76.1809,82.7488,85.3774,78.4655,79.6142,80.9148,81.1616,83.1281,82.8003,78.0869,85.5206,79.3388,84.3739,84.917,90.5662,83.6566,89.9461,90.2767,86.9372,86.2403,93.4089,86.2414,86.2042,83.868,86.1301,92.2359,92.0728,90.7317,90.3171,91.2296,90.1148,94.6775,92.3893,93.8675,96.4961,94.3115,90.1608,98.8823,99.1557,99.1958,91.4685,100.09,96.1051,98.1359,97.069,103.191,98.0777,94.2958,104.98,104.104,102.978,101.629,101.949,105.182,101.998,99.7171,102.255,101.208,98.2907
0,0,113.424,0.40144,33.8622,112.825,89.7355,145.057,109.406,128.819,131.9,114.232,60.7763,158.546,60.1371,137.209,122.697,100.12,82.8281,96.9616,94.0359,81.5282,79.4288,142.154,53.9925,93.6198,77.0271,137.921,83.1737,87.4769,104.886,87.0402,105.929,197.607,133.791,180.757,140.822,118.08,86.184,91.165,111.469,145.166,137.164,86.1936,98.2692,93.9437,90.9673,138.408,100.94,114.802,124.701,156.18,136.59,160.235,137.678,130.552,141.599,91.1765,119.291,115.014,73.113,99.2555,170.03,119.156,134.517,133.978,129.474,139.517,89.3048,92.0942,138.832,120.663,91.515,107.081,94.0573,106.705,155.278,56.4785,139.903,101.048,85.2179
0,0,115.266,3.05239,50.6431,87.6655,110.232,82.2044,45.421,88.5653,46.5232,156.211,215.896,2.45353,62.7299,109.767,70.9645,11.8625,149.322,84.6412,90.905,202.049,60.1478,57.2353,42.584,131.013,140.651,95.4099,156.059,106.018,232.924,170.086,82.4287,63.201,151.138,97.3246,76.1771,88.1184,60.6827,42.2452,115.433,14.9944,105.823,157.917,183.565,163.95,70.7208,148.063,77.2095,132.698,130.853,76.032,85.1315,77.8563,76.5077,72.0235,82.3553,120.149,87.1923,196.214,187.401,69.3395,71.697,154.411,83.5178,90.5023,72.52,198.109,47.2259,86.6676,142.66,155.579,147.382,117.312,124.749,119.976,195.308,181.584,68.2524,163.345,193.661
0,0,119.506,0.532148,16.1277,143.799,122.957,102.341,128.665,140.764,133.56,110.879,139.719,105.169,97.7387,126.17,129.739,118.745,149.654,132.161,108.028,114.879,107.799,131.414,96.6682,118.99,131.727,130.845,120.001,140.244,103.832,142.46,131.02,119.039,133.783,111.334,109.443,119.927,100.395,127.513,93.9275,93.8699,118.023,125.348,117.258,131.695,146.541,110.747,130.613,112.462,125.927,89.687,83.0666,112.985,117.183,113.032,99.8629,118.993,103.771,127.848,117.113,100.963,85.6991,135.548,98.829,119.983,114.36,137.409,118.54,148.73,113.63,105.774,116.733,120.752,121.53,137.738,124.835,104.008,133.824,103.481,129.315
0,0,102.081,2.95637,0.17039,81.3928,81.7391,82.6243,83.1088,83.7065,84.3484,84.9505,85.3619,85.8538,86.5617,87.2131,87.3803,88.3289,88.924,89.6456,90.0817,90.6493,91.4976,91.7459,92.7244,93.0089,94.0361,94.5357,94.8465,95.2094,95.8918,96.9364,97.1315,97.6112,98.711,99.2802,99.6602,100.204,100.717,101.334,102.34,102.558,103.507,103.969,104.361,105.053,105.638,106.395,106.7,107.16,107.914,108.406,109.024,109.721,110.739,110.964,111.349,112.316,112.329,113.342,113.996,114.141,115.086,115.971,116.463,116.575,117.279,117.986,118.333,119.125,119.735,120.537,121.053,121.492,122.273,122.953,123.116,123.589,124.488,125.171,125.942
0,0,90.8655,2.89442,0.713545,70.6009,71.5847,71.049,71.6166,72.7911,73.8618,73.7608,74.9388,75.4333,75.0698,75.8047,76.7983,76.5578,77.9782,79.2626,78.3297,79.4967,80.3948,81.8762,81.4823,82.0169,84.3883,83.5704,83.0993,84.2461,85.1176,84.8089,84.885,86.9976,88.5691,88.137,89.7095,88.3091,89.4718,90.6679,90.2955,92.048,92.0292,92.6121,92.5208,93.932,94.3695,95.4536,95.4971,96.6553,96.7247,97.1949,97.8289,97.6155,99.2084,99.5373,100.832,100.583,101.318,101,102.103,102.526,103.059,104.346,104.644,105.777,106.363,106.132,108.138,107.641,107.907,109.555,109.826,109.306,111.315,111.103,111.513,112.27,113.746,114.674,114.574
0,0,113.399,0.897937,13.2753,102.067,100.263,90.4987,124.627,92.7085,112.118,92.1431,114.596,109.455,81.5955,135.317,111.239,107.5,82.5681,125.867,117.096,96.8438,102.606,97.6538,135.476,128.45,121.983,108.974,118.546,94.2739,99.0186,94.5086,76.8476,102.709,121.168,100.334,108.737,129.981,99.1751,117.975,108.648,115.345,101.731,119.871,132.262,128.362,134.99,97.5036,134.606,89.4187,94.5646,107.973,127.275,127.079,107.466,116.411,126.642,127.101,123.96,93.7918,123.794,157.926,136.249,113.87,153.369,133.902,114.35,145.307,98.1961,116.765,102.514,125.895,127.358,128.193,83.967,123.35,129.653,139.447,92.2173,136.257,129.85
0,0,103.19,1.51009,47.3409,87.7934,172.065,68.2982,51.1142,118.401,211.924,88.2815,97.1961,49.3817,148.061,61.5419,157.041,136.806,96.7141,87.8842,128.609,73.9503,70.377,9.78905,154.416,173.209,161.586,54.23,23.9062,67.9356,125.69,59.3104,133.361,60.7414,51.8557,107.034,111.463,67.4678,211.461,137.731,140.468,109.062,150.791,77.2981,75.5453,101.777,184.568,98.5755,128.83,135.277,122.846,54.4629,98.7081,64.8812,74.7505,29.9206,141.819,192.6,148.637,124.166,149.991,62.4294,48.4536,132.067,118.696,131.48,152.285,73.9137,45.8785,88.886,95.4914,113.609,223.336,152.598,83.059,108.757,-34.7904,65.5233,201.529,61.3976,66.7423
0,0,109.222,2.45989,5.74535,94.4979,94.7716,91.199,98.1271,85.2443,85.8386,88.1885,84.554,110.359,90.3796,101.415,88.582,93.9445,98.0793,84.3867,99.7175,94.508,100.44,91.6953,103.226,112.175,94.1685,96.495,103.663,108.869,105.712,101.534,96.5176,102.904,100.278,107.386,102.811,109.367,108.333,106.486,117.919,115.477,96.2267,107.291,111.502,123.963,108.542,109.887,110.74,117.431,111.248,121.301,118.838,114.557,110.476,113.183,114.027,122.357,117.825,117.107,124.698,114.067,121.498,109.162,117.628,113.247,125.901,116.287,113.684,122.101,122.843,125.229,121.557,120.01,132.36,126.842,131.127,126.042,127.983,123.461,126.845
0,0,109.381,1.12101,45.2372,86.0334,94.5812,85.1305,106.669,101.879,143.856,125.848,162.962,44.3209,104.983,176.02,186.929,117.617,119.552,60.6091,145.979,117.431,155.115,217.358,88.8445,177.856,72.6207,12.3336,134.931,90.0571,77.8129,128.435,145.81,116.976,108.263,77.8432,93.1415,144.549,47.9123,127.119,44.4779,157.374,11.5806,127.102,167.771,155.681,140.495,21.7095,127.24,128.323,152.809,57.5351,149.034,20.1041,117.153,108.898,120.102,-32.6384,95.0118,97.4542,122.543,102.426,109.882,115.13,138.307,66.0113,132.366,150.04,146.877,87.1611,142.267,121.66,150.306,134.895,118.36,54.2928,161.299,56.86,83.4224,97.7341,99.9367
0,0,118.832,0.177165,44.7597,74.4616,112.896,84.1616,91.7614,132.855,154.802,70.1721,125.406,113.331,127.33,168.126,142.871,151.074,104.72,134.249,211.306,11.3451,161.834,167.548,105.981,124.083,160.823,86.1139,121.461,57.5062,137.394,147.931,31.6078,149.318,108.467,152.907,103.694,102.679,114.642,169.074,137.444,126.664,124.374,104.724,69.0094,158.342,122.323,108.32,89.5684,162.724,105.183,128.949,49.4104,110.566,100.152,88.6844,139.22,108.034,107.634,113.337,104.954,143.586,95.466,224.434,169.277,85.8045,146.032,78.1211,133.066,77.9186,175.066,70.8777,100.23,202.454,115.592,122.344,88.6835,101.489,70.2557,151.648,98.6119
0,0,158.671,0.577836,13.3204,162.327,194.526,137.637,159.844,172.444,127.513,132.37,150.784,153.099,148.569,139.48,158.072,186.214,132.874,151.842,157,140.288,160.243,172.091,168.972,162.816,143.857,166.603,155.574,172.573,149.555,157.582,135.671,149.976,147.942,160.011,163.017,189.126,158.249,179.197,142.606,146.489,152.201,190.18,171.598,149.751,159.814,159.702,163.546,135.322,187.172,137.76,150.733,184.334,160.789,168.067,171.132,131.008,160.211,157.228,155.566,174.823,158.386,159.215,141.3,150.854,160.389,169.055,168.241,166.241,167.397,174.084,172.037,159.149,167.862,159.572,146.706,177.499,173.011,150.787,153.195
0,0,111.063,0.792326,28.1831,73.2042,120.122,87.9444,84.3244,91.1047,138.489,117.931,117.142,128.012,130.588,129.869,134.063,90.1932,156.165,134.782,103.976,148.157,61.2937,111.992,78.2407,42.441,73.4234,79.7288,80.4299,94.9684,108.798,144.506,62.9613,124.479,107.613,89.735,120.581,151.829,106.174,142.001,166.782,118.307,128.769,116.017,110.461,83.5357,126.722,109.128,99.8502,102.177,141.872,121.209,156.499,73.4007,109.222,145.474,140.446,120.126,79.755,105.239,119.237,104.467,112.514,68.9914,85.3402,123.507,110.386,140.902,92.4422,133.782,167.801,88.3045,165.2,138.823,95.715,114.173,114.236,119.466,144.525,97.5566,131.256
0,0,102.197,0.791565,8.71146,108.149,100.083,87.5086,104.28,85.7604,92.6236,93.4695,92.7348,93.0491,101.641,112.49,104.38,86.6971,109.847,109.536,102.033,93.4555,105.03,105.488,98.5083,108.611,108.088,95.6554,104.703,101.766,105.094,105.235,110.517,92.318,112.921,112.36,93.5416,99.6139,89.8267,95.9101,102.666,116.132,103.143,91.9422,89.9202,103.13,98.5781,112.853,94.3392,93.5542,87.7939,98.6384,103.355,106.085,99.6482,112.274,97.3187,118.632,110.182,133.763,101.259,113.778,111.156,115,131.39,92.8611,94.4998,98.4349,107.123,108.954,107.242,94.3186,109.071,109.051,119.305,95.9241,104.197,115.627,104.006,103.729,111.13
0,0,120.002,1.46959,25.1678,123.086,87.859,153.505,123.887,72.3057,152.494,102.669,96.4543,181.846,117.367,108.876,107.647,123.904,124.079,115.627,149.773,139.125,193.047,108.111,117.293,165.943,60.5153,138.219,84.1553,160.519,174.477,174.964,120.183,150.74,56.3326,136.825,85.167,135.366,128.41,100.36,109.32,77.6694,92.0027,60.8822,140.411,134.568,114.779,99.7538,165.301,72.6149,132.967,85.0134,106.259,116.341,165.382,144.547,162.045,141.546,73.6124,121.582,86.7056,125.678,117.771,124.785,118.431,166.895,98.736,152.013,103.926,119.256,113.936,126.974,151.745,84.5522,127.414,194.824,147.443,134.551,114.369,157.316,130.919
0,0,101.323,2.04614,1.51556,86.3595,87.9179,87.5374,89.1462,88.5865,88.1645,87.4684,89.2046,90.6769,90.4006,92.2674,90.5948,91.0912,94.7151,91.289,92.2204,94.2351,96.5773,93.1162,95.0604,95.3052,96.5957,99.0153,95.6928,98.6857,98.9458,99.355,98.3893,101.492,96.8994,100.343,96.8572,99.835,98.2675,104.707,102.98,102.772,103.784,103.015,101.915,103.272,104.691,104.205,99.4035,105.727,104.832,104.309,108.274,104.435,107.67,108.845,106.362,107.353,110.06,108.2,111.225,112.247,109.336,109.799,113.744,113.327,110.668,110.627,113.495,113.772,113.977,113.039,112.591,115.11,114.34,114.882,116.859,115.669,117.057,118.284,119.269
0,0,120.911,1.56988,2.28511,107.082,109.845,111.239,116.987,109.818,113.664,110.53,107.508,110.244,108.392,112.217,114.554,114.097,115.323,113.54,115.232,115.881,111.496,115.047,110.228,111.403,119.157,119.125,114.246,116.413,118.819,118.141,119.18,119.517,119.481,117.593,118.025,120.269,118.027,114.404,121.526,120.217,120.259,123.316,122.658,124.788,120.843,122.742,120.976,126.09,126.515,120.556,123.716,126.657,129.691,124.634,124.773,125.675,127.715,123.549,126.263,128.017,124.377,128.248,134.463,131.284,129.834,126.705,128.974,131.613,126.083,126.406,130.616,127.571,132.25,131.985,132.563,132.151,135.505,134.772,127.876
0,0,106.84,0.626405,9.27803,113.954,108.655,92.9887,119.078,107.584,105.712,119.466,122.679,109.218,106.488,87.634,96.5938,106.367,106.997,125.826,108.307,99.5103,113.653,110.216,107.455,112.052,108.067,108.084,109.484,86.6916,128.271,92.9338,96.1753,88.9017,109.109,108.979,117.113,105.125,115.661,96.0692,108.72,112.762,97.4981,115.15,117.368,104.922,111.742,110.616,91.6345,116.945,115.647,94.159,101.95,100.139,104.655,88.2814,120.483,125.1,108.995,101.169,125.943,100.718,107.796,94.5328,117.786,111.121,102.785,108.329,110.371,110.818,98.0916,111.787,111.444,114.738,110.036,123.687,104.525,102.147,108.245,111.374,124.69
0,0,140.882,1.2591,6.80534,128.557,135.781,137.022,136.27,128.392,131.906,126.664,124.016,135.367,144.177,141.704,141.399,135.556,135.667,138.077,139.171,147.58,138.352,130.771,140.277,134.945,134.841,135.413,135.306,139.967,141.678,132.536,137.303,138.666,132.146,142.255,145.875,129.25,143.416,143.493,131.1,153.674,145.711,137.514,151.621,145.803,136.039,137.187,151.318,136.791,153.962,130.734,154.204,139.181,137.425,138.565,138.936,153.218,135.971,139.532,140.631,145.786,148.52,128.475,152.598,147.268,135.734,148.661,135.568,152.503,146.806,155.248,153.354,146.86,153.692,148.439,139.018,150.312,152.613,146.32,151.562
0,0,89.5039,2.13949,59.578,39.1575,139.591,60.442,123.47,119.354,229.942,83.9434,290.989,133.21,8.7782,157.919,48.9168,86.7314,184.643,132.46,52.2517,-55.9907,60.5622,183.02,159.139,70.4511,100.108,72.966,110.302,166.261,159.847,106.24,117.758,69.0912,-6.33903,45.3418,116.059,135.262,7.85961,257.592,101.605,115.581,93.3182,90.3653,72.7328,117.743,12.7819,160.531,160.263,86.826,172.731,56.236,168.134,190.027,165.826,170.54,45.4829,44.9417,127.957,88.992,83.2055,212.563,50.7934,67.2555,149.829,111.415,107.745,37.0564,-87.3139,221.769,132.989,36.0355,188.972,124.273,151.03,124.565,4.86011,134.051,30.2099,180.996,48.4748
0,0,96.4615,5.34281,0.0485715,58.9232,59.9728,61.1723,62.1734,63.1319,64.2516,65.3113,66.4072,67.5361,68.5405,69.576,70.6489,71.7948,72.7865,73.9636,74.9875,75.9477,77.1091,78.107,79.2693,80.2532,81.4434,82.4319,83.5164,84.5432,85.6076,86.6801,87.8363,88.7735,89.9152,90.9902,92.0865,93.1329,94.256,95.3305,96.3474,97.3879,98.434,99.4702,100.597,101.603,102.66,103.796,104.778,105.911,106.981,108.152,109.26,110.279,111.258,112.439,113.396,114.581,115.592,116.653,117.594,118.804,119.928,120.886,122.039,123.026,124.12,125.148,126.164,127.265,128.379,129.454,130.464,131.541,132.609,133.743,134.898,135.84,136.968,138.006,139.094
0,0,112.058,0.309868,45.5013,20.9212,12.9383,78.8481,139.804,120.945,64.2453,149.422,100.329,199.888,152.086,213.769,95.449,130.675,195.224,49.2751,79.1904,169.325,27.9587,29.7817,115.777,91.615,53.0713,135.174,93.1598,106.828,150.297,126.86,153.919,153.784,168.006,99.8077,130.897,58.6868,218.504,168.33,87.0553,118.848,135.368,71.315,79.0605,109.81,130.588,115.732,112.224,38.2779,85.6787,152.071,124.852,96.5879,126.588,-5.1645,71.936,59.5521,181.669,134.566,100.764,83.4417,75.8722,88.3052,65.1038,186.689,99.0449,144.292,81.2058,103.176,98.5602,86.4374,119.424,132.767,122.341,110.543,209.584,56.8242,44.3817,100.28,138.09
0,0,111.947,0.145833,3.26783,116.245,118.466,105.013,110.102,116.037,110.792,114.148,109.899,108.606,119.234,105.94,109.528,110.554,114.963,112.101,106.47,112.809,115.318,108.677,112.143,111.732,108.698,104.855,120.596,107.823,117.735,109.43,114.338,117.051,111.726,117.676,109.559,112.602,114.947,111.749,111.53,108.438,113.5,109.932,109.335,109.98,111.349,112.488,111.847,113.141,112.903,108.799,110.803,114.318,109.335,110.244,112.799,117.314,110.348,113,111.634,113.374,115.03,110.45,112.496,110.296,111.971,114.494,116.519,109.416,116.533,112.479,114.544,114.606,109.553,106.476,117.59,110.262,112.865,109.461,108.702
0,0,88.7304,2.00392,11.9371,69.9411,69.3428,83.8607,60.8049,65.498,71.7707,91.6883,90.1237,89.4844,82.9561,94.9634,73.2136,86.2979,78.6203,105.347,122.324,77.8504,83.0738,92.1158,87.9755,71.1449,64.4699,80.235,99.4402,87.3176,88.025,89.3625,88.2933,76.6211,89.1071,71.225,84.7883,70.2932,89.7885,85.702,96.5158,104.712,82.6495,83.0561,91.0236,85.028,66.0328,98.4408,89.1251,100.244,87.092,96.0817,75.7464,89.0986,116.512,93.6772,96.6872,97.9601,109.807,100.172,99.9079,89.7879,83.1748,98.897,110.723,109.001,78.9023,104.198,75.698,112.18,126.201,117.854,85.629,92.0791,102.306,95.6995,108.886,106.519,112.011,106.974,99.5297
0,0,109.913,0.637313,12.4276,79.4489,113.981,116.2,94.5618,142.518,103.708,116.34,103.768,98.3334,115.997,107.07,110.532,117.689,106.098,120.376,101.946,126.344,106.438,106.81,106.651,108.646,122.246,110.647,80.139,97.3699,110.971,104.367,126.951,113.586,100.45,113.479,133.531,95.7853,115.29,137.501,103.165,124.099,93.767,100.224,102.063,108.467,113.484,114.244,113.373,109.123,126.813,98.9227,120.97,103.802,130.038,113.624,73.5779,108.968,123.211,109.488,103.986,113.34,91.5748,104.077,107.847,113.945,118.402,126.967,88.0383,104.633,108.413,109.119,114.905,114.121,120.013,128.871,126.268,116.178,114.414,116.291,88.6088
0,0,111.416,0.219422,25.1912,109.242,127.938,131.813,70.4202,95.9977,138.459,127.293,127.75,83.4442,121.567,95.4891,106.244,77.0285,107.356,95.733,136.521,140.52,107.994,108.663,156.447,109.585,127.11,103.075,99.2848,88.3521,105.932,93.4376,131.176,88.5244,132.98,123.137,102.333,86.325,118.02,108.312,111.555,97.6809,104.992,97.8756,129.581,159.698,81.3687,133.534,80.1392,98.0511,97.0004,105.222,120.629,125.986,57.3666,95.0645,135.344,85.2802,57.0448,58.6044,83.8482,114.915,112.708,130.191,106.28,110.31,120.007,132.775,72.9339,99.7067,125.734,109.263,166.851,83.8137,148.548,64.3354,126.458,101.336,144.056,102.347,125.272
0,0,122.623,1.94058,9.20383,111.562,107.573,113.154,102.108,96.8122,102.171,128.612,107.184,110.768,103.134,121.049,130.672,105.942,121.693,130.862,117.756,113,129.062,109.721,102.635,113.474,126.872,121.083,133.106,125.285,129.189,130.724,110.141,120.769,117.086,135.435,125.452,122.366,118.159,135.311,122.57,106.451,127.539,141.996,123.992,139.192,107.726,119.734,122.427,127.173,120.578,138.327,134.087,119.495,123.021,123.487,134.795,122.304,143.044,141.279,158.309,119.67,126.145,128.966,144.2,124.701,132.684,137.657,124.067,134.671,126.528,132.474,149.271,145.671,135.287,133.197,126.333,139.369,138.803,145.93,149.493
0,0,135.908,0.392962,10.2589,110.092,113.815,142.907,152.108,123.721,131.763,136.325,131.026,145.97,139.481,127.892,132.436,139.695,136.741,140.134,130.399,124.828,136.237,136.555,123.861,143.066,124.636,127.252,138.711,142.581,138.187,129.727,142.663,145.08,130.211,139.858,148.131,123.55,162.687,145.35,126.55,120.193,131.015,117.402,151.207,135.84,142.119,149.803,129.951,154.207,125.189,129.398,118.041,140.43,143.986,143.61,140.187,129.983,132.898,137.701,129.002,130.917,133.987,134.646,140.36,151.313,150.616,143.744,142.96,129.253,143.961,139.379,151.272,134.676,140.701,143.734,146.696,135.332,143.008,127.39,132.961
0,0,118.006,1.55614,58.3055,63.377,142.354,0.589073,88.9451,129.09,181.01,125.343,125.451,12.1136,144.019,142.22,168.1,102.786,166.219,189.535,-18.9696,168.907,141.92,100.884,34.2008,117.498,120.755,157.454,106.19,40.6068,21.0428,140.024,116.185,156.748,137.674,112.356,205.44,56.4043,93.2889,215.327,115.879,7.66181,51.7426,152.537,187.271,182.619,141.306,120.897,-17.1996,59.6545,116.636,113.447,203.133,172.873,158.248,130.111,181.136,73.5368,178.496,187.147,240.659,91.3515,172.459,78.417,99.8313,195.173,85.0812,155.317,136.442,175.634,89.256,103.172,183.153,108.185,188.891,125.575,148.209,76.4768,120.905,97.8251,103.873
0,0,105.503,1.88258,27.8949,64.9378,88.0226,83.9258,97.3673,97.7591,122.514,108.569,67.2229,89.2475,93.1394,61.9714,110.152,114.787,107.509,113.255,102.841,113.011,80.9713,80.6125,96.9875,99.1287,130.674,140.692,66.4915,137.654,66.0632,94.7473,127.857,119.353,122.519,137.146,77.065,86.3535,74.4522,111.481,113.85,172.873,127.505,136.772,99.8743,150.602,135.285,86.9519,90.1629,78.6583,142.369,141.423,97.7154,106.434,99.9857,114.448,75.1619,101.322,109.907,83.8313,109.231,79.269,124.674,102.915,114.289,125.711,137.983,146.405,121.718,93.5289,102.166,137.319,121.542,109.259,122.487,156.095,88.3999,108.915,132.07,127.662,144.121
0,0,66.78,2.51694,35.107,31.3402,24.7113,18.0399,14.363,25.4459,22.0124,80.1575,100.15,-7.7607,-2.00871,41.0503,0.43158,43.4769,79.5333,104.486,65.1084,16.8207,62.9321,-3.30304,47.1518,73.0354,77.4764,29.135,27.0131,56.3928,106.736,22.1788,48.7101,136.771,100.24,41.2768,42.8037,14.2133,35.1482,106.003,89.1468,92.5584,60.2106,34.6423,96.7895,94.0348,74.1043,104.023,81.1246,59.1052,118.01,70.5199,-9.16843,44.9534,58.2025,69.6401,67.2053,44.7862,90.1113,64.8146,48.1909,59.3957,75.9067,153.11,76.6646,90.4841,45.5117,105.392,85.9075,104.318,-20.1896,111.13,66.2096,77.0975,82.662,40.4344,10.0032,17.6694,63.7748,66.078,88.1109
0,0,118.632,1.42166,25.5286,119.102,58.1659,77.1585,118.857,102.454,112.442,72.2077,101.842,119.806,128.299,143.541,141.173,123.088,158.463,138.981,98.5981,123.415,121.299,112.833,102.669,93.5905,97.0651,120.103,100.981,120.002,146.749,114.827,94.8421,139.585,91.7248,83.6254,98.3106,58.5597,97.6436,120.416,115.349,94.3101,112.221,131.975,89.3711,139.919,148.912,134.318,147.461,143.484,97.3247,120.147,133.657,134.896,92.6697,154.106,165.432,97.179,89.6093,88.4978,94.9459,154.524,105.76,166.86,108.754,163.952,157.205,121.042,123.389,127.365,98.7052,110.693,134.648,156.251,100.263,118.016,147.126,86.9096,123.87,76.0699,128.966
0,0,87.3842,0.450071,13.839,91.6488,48.0876,95.675,79.7471,82.5875,83.9522,93.5542,78.8549,77.7299,85.9995,80.2747,70.8197,87.918,83.8668,84.1035,86.3622,88.2102,106.961,98.8483,74.1788,98.2679,82.718,64.2877,88.7619,96.2695,74.4806,80.658,76.9209,69.3996,77.167,68.353,89.6604,75.3711,96.5952,88.8641,55.6224,65.8833,104.262,90.5827,90.8254,96.4277,94.3121,63.5116,72.4496,79.9229,100.76,97.0969,84.3001,97.3799,91.3853,88.162,78.4361,87.0585,66.8507,68.7108,97.195,102.129,89.7513,91.6016,91.3289,68.2048,74.6858,113.612,81.6989,121.418,94.4762,74.0957,90.9953,91.1529,93.6588,83.4189,87.6877,83.6517,99.7015,106.388,82.1702
0,0,78.9485,0.393434,66.8003,89.8844,42.8034,105.804,48.1454,4.91107,1.49709,58.1333,61.3655,79.9538,75.9511,139.539,61.1662,62.2484,83.7222,58.3914,9.10546,87.1999,69.1737,161.344,193.627,109.895,87.9928,-35.6833,58.0177,35.7691,100.974,110.561,71.9492,77.2415,72.1716,-17.0215,128.046,85.6552,151.625,136.251,115.743,76.3915,60.0734,93.4001,55.1577,137.754,148.955,124.859,-26.2695,-12.0447,135.185,72.0646,228.01,210.248,213.388,78.7872,181.168,126.772,130.669,169.414,174.523,188.832,65.7997,40.5589,-13.2995,135.208,83.2643,116.317,104.801,142.481,150.309,-2.9456,115.732,22.596,75.3326,149.812,61.5878,169.77,83.1539,142.091,157.354
0,0,110.306,0.146359,4.87823,101.965,98.6084,105.145,108.304,110.643,111.742,106.558,110.459,109.88,107.761,110.96,113.37,118.597,103.839,104.575,116.054,107.417,113.943,117.024,115.069,113.535,106.022,112.41,113.978,108.838,108.359,103.831,113.493,112.598,112.878,106.143,112.392,109.383,111.587,111.215,110.909,109.128,115.115,113.433,112.422,115.29,103.1,106.482,106.535,112.06,112.279,107.223,108.595,114.163,107.072,117.324,115.755,109.645,108.528,104.439,118.058,106.424,121.486,113.108,117.012,110.663,108.466,126.94,117.226,111.803,110.173,108.88,105.263,117.357,109.784,107.535,126.602,118.655,113.277,117.589,116.929
0,0,99.6976,0.344706,41.1904,113.108,86.6236,116.654,135.587,58.9373,69.7624,109.688,125.318,106.29,85.7812,119.82,91.3354,114.261,93.9423,69.6385,90.3663,78.5698,60.8908,151.842,102.08,125.459,121.472,96.914,34.7689,144.912,39.2934,150.409,87.5329,110.473,156.867,104.13,67.4247,45.4123,71.5344,60.1233,124.341,116.778,136.36,92.9632,129.286,154.796,91.48,91.5024,199.517,95.4798,144.21,73.4694,55.9268,100.522,77.0964,130.155,126.674,7.60741,87.342,109.953,86.0175,75.3623,122.642,56.5863,47.4919,115.078,105.215,117.128,93.6787,92.699,84.5574,79.1961,86.9826,62.115,107.141,164.212,26.4032,140.115,26.8548,112.921,32.0807
0,0,96.9498,1.04688,35.5667,12.4181,143.659,25.695,141.75,32.2279,136.402,81.664,137.627,123.176,59.1494,105.157,98.3608,96.3546,114.134,140.209,125.206,165.096,134.617,97.2697,84.2035,80.0502,138.52,103.137,79.6982,119.343,134.496,113.172,109.68,126.156,92.4882,80.8258,32.2691,99.6108,24.8033,98.4391,128.512,136.382,83.0271,77.3719,70.6495,82.2066,138.554,95.1592,72.0217,144.824,72.8635,112.477,93.6708,92.0668,167.058,107.365,93.7625,122.19,97.589,119.244,121.101,132.926,151.826,64.0597,72.5311,71.3134,78.7326,84.2347,116.469,49.982,107.479,135.545,160.608,98.003,90.1346,131.965,82.1344,101.003,85.5387,90.7139,73.5067
0,0,113.754,1.22087,1.49069,107.73,106.171,103.832,103.761,105.37,106.218,108.445,107.541,107.202,107.207,106.269,107.761,108.861,109.206,110.124,110.618,110.119,110.235,109.334,110.153,111.499,110.08,110.802,110.31,112.36,110.267,111.918,112.229,112.294,113.576,114.513,114.397,112.763,115.724,113.908,112.404,113.742,112.257,116.216,113.643,115.416,114.615,113.805,117.922,116.138,116.395,117.885,115.548,115.684,117.285,117.666,121.223,118.399,117.666,116.014,117.97,118.161,120.403,120.06,119.19,120.205,117.905,121.003,120.321,122.458,123.224,122.317,124.118,122.145,120.193,121.088,122.364,124.576,122.182,121.776,124.821
0,0,134.031,1.10916,3.37405,123.873,129.624,130.479,130.351,130.134,127.606,131.888,129.483,127.451,128.261,125.871,137.857,128.369,132.685,127.092,130.605,131.996,129.003,127.062,132.236,131.415,125.729,132.695,136.619,131.335,134.887,129.676,133.163,132.108,135.252,134.771,130.622,135.035,136.667,133.605,131.276,133.685,132.015,136.842,129.763,137.584,138.078,134.574,134.934,138.166,139.672,131.654,141.036,138.962,138.929,142.806,134.238,137.102,135.939,132.179,134.618,138.48,132.573,139.149,142.153,140.358,134.004,141.309,141.571,147.971,146.057,140.139,146.061,133.784,142.071,145.829,138.364,143.866,142.655,144.054,142.837
0,0,119.596,0.132551,12.4572,121.395,133.245,112.124,138.012,112.387,108.453,119.716,120.489,119.322,126.701,119.094,132.073,110.55,115.146,133.124,153.129,127.624,132.975,96.4119,108.144,106.08,115.983,125.511,98.5737,121.144,139.849,124.879,122.196,121.008,123.627,116.534,128.762,130.088,101.962,107.868,135.589,116.626,120.806,123.395,98.3322,141.256,147.092,142.866,124.321,117.059,133.87,142.297,143.854,114.064,108.849,127.791,108.426,114.685,129.41,128.483,114.66,143.887,123.69,133.395,123.032,112.229,121.338,126.86,123.309,114.364,124.844,129.92,130.213,114.812,117.514,108.87,129.929,100.187,156.062,107.301,132.025
0,0,81.1862,1.9214,2.81155,67.8717,67.0712,67.731,67.7259,66.4641,64.6788,70.8822,73.2493,71.0309,73.8927,76.5122,76.0745,71.0653,77.1195,72.3921,73.285,71.0356,71.4429,78.3687,74.5442,75.0832,73.7645,77.0585,76.6559,80.0938,75.1819,80.0696,76.6914,75.933,80.2124,79.3055,80.1746,76.4178,80.8857,83.1111,80.7858,78.1525,83.1762,79.2111,83.1104,87.4107,83.2001,84.3736,84.9641,84.8352,86.0387,86.5567,89.8907,88.8822,84.4846,91.9525,87.514,85.3328,83.5389,89.2828,91.482,90.8832,91.6424,91.992,93.6044,90.3166,87.309,87.3715,88.0841,91.7987,92.8412,89.8914,89.3396,97.5749,97.3724,96.2352,92.8978,93.8827,97.3981,98.4477,97.89
0,0,129.378,1.12766,54.9667,124.383,123.56,93.4576,218.172,122.598,42.5419,56.3393,105.481,186.695,88.2939,163.996,87.3812,200.954,184.367,101.201,65.3623,68.5917,162.918,114.06,144.034,131.928,257.825,96.0805,118.342,110.189,222.613,133.284,150.388,96.6223,33.2277,126.583,43.7221,93.6707,161.545,52.4493,131.47,86.4969,209.443,52.1259,189.48,155.352,26.9226,119.789,101.759,128.218,143.252,152.341,76.3958,124.585,162.582,177.828,145.44,87.4754,61.9352,135.098,133.626,78.2882,90.3539,138.051,102.103,157.863,156.816,159.954,98.2838,117.734,147.207,160.019,185.569,105.726,157.042,138.227,69.7266,169.675,150.454,208.555,143.078
0,0,109.013,1.83401,46.8726,110.949,74.173,60.8762,82.6942,96.5407,96.8721,98.5678,123.452,104.663,203.092,31.6512,151.06,112.015,114.817,4.05729,-36.9538,77.6137,74.4078,124.292,124.376,146.484,181.047,96.4634,91.3282,104.064,-9.94316,54.6757,110.266,137.425,54.5086,115.751,106.625,103.682,71.573,-20.0328,166.611,99.2554,137.094,139.842,91.5465,101.753,63.3441,46.1799,161.044,170.079,64.0191,82.9556,162.677,154.63,146.321,136.086,74.08,81.1435,57.379,186.527,118.079,146.284,70.6021,63.547,82.9929,86.1491,192.799,176.345,88.5079,75.4781,125.974,153.352,165.754,125.86,86.1454,202.796,159.449,116.133,154.587,196.421,88.5348
0,0,89.8032,0.513824,10.6607,53.0235,81.7371,61.7784,80.7322,83.881,83.0252,96.4084,93.2756,79.5293,92.4252,84.322,87.7837,92.086,77.0526,80.7449,97.3037,85.4398,77.2035,99.0598,104.088,99.1724,86.1033,84.4224,86.3062,94.8859,85.5816,97.0205,86.1168,82.3382,76.4071,91.5041,74.195,93.2351,91.5708,92.5987,95.8848,97.463,112.023,63.2637,79.7384,87.2013,93.0929,85.5693,77.1549,81.516,82.1661,89.6305,104.044,95.4331,92.4416,110.085,79.5186,105.816,77.6217,85.3637,84.0514,114.554,88.5739,102.413,89.4932,93.6103,97.2532,103.074,89.1873,88.9139,70.0787,103.307,89.5936,100.08,108.616,101.17,93.8882,77.8762,97.5615,106.619,94.1192
0,0,121.172,2.99748,42.932,99.9879,213.4,102.42,13.9924,102.088,9.85269,91.2771,106.218,162.045,33.8115,16.1602,155.323,155.021,83.8805,148.356,76.9985,83.7045,163.559,145.116,160.432,134.005,73.8601,54.986,40.7006,71.8053,125.666,124.254,86.2911,109.29,50.3717,150.523,129.356,56.4957,158.98,75.2596,56.1704,140.869,92.1406,155.036,156.566,154.304,148.969,154.334,108.358,173.323,112.105,155.859,101.227,228.629,59.8374,229.495,153.922,68.4875,166.041,149.826,111.19,108.175,210.98,154.118,159.019,128.361,119.899,90.9639,146.181,172.258,136.864,62.8559,112.006,120.754,200.624,162.18,15.9061,142.356,79.0238,138.394,95.8514
0,0,128.881,0.968245,34.9763,85.762,168.622,152.399,132.313,69.5743,94.1955,130.406,118.265,121.608,140.308,199.452,95.9561,145.95,126.208,145.604,134.27,124.049,70.2188,106.573,95.8589,122.389,88.6239,118.02,146.871,74.5381,202.48,78.163,132.718,153.052,198.388,70.0818,160.101,171.62,173.543,144.507,148.622,146.807,124.742,80.8265,87.857,91.5826,108.75,162.211,148.621,73.4281,147.463,140.373,69.554,105.869,111.067,146.865,146.325,115.336,106.898,126.938,119.474,114.233,149.195,121.104,157.501,165.039,151.542,114.382,124.123,162.01,172.825,188.36,126.25,119.495,135.353,145.164,148.224,63.3808,113.785,113.169,152.753
0,0,108.877,1.84734,17.539,91.4918,112.42,72.99,86.1153,89.6874,113.786,85.4345,113.761,73.2018,79.1689,97.777,106.734,49.4724,86.694,121.403,66.6168,95.236,93.6486,103.783,96.4621,115.718,125.799,105.622,103.295,108.897,93.8663,126.196,119.502,106.919,117.927,110.935,100.188,119.467,77.0687,75.9713,111.25,97.3458,117.908,78.3266,85.9655,130.476,95.2877,116.835,124.686,99.2105,113.893,140.616,105.121,128.865,124.474,115.76,126.396,141.416,145.835,145.551,131.046,129.542,112.277,95.3697,135.511,136.568,132.819,116.985,97.6436,93.3953,141.235,101.781,112.756,131.461,119.987,131.47,141.229,125.766,111.856,127.232,127.153
0,0,107.567,4.6659,14.4379,52.9938,65.8424,64.7999,86.5412,88.9547,73.5037,101.377,76.1558,99.1792,73.0327,82.7287,86.7818,84.8552,102.211,92.6983,84.8373,82.8786,87.0041,86.5529,69.4728,97.3879,84.0084,90.4791,99.9979,107.081,116.223,123.278,100.047,117.825,110.411,105.185,100.866,115.462,113.766,132.769,105.032,131.256,112.978,85.3815,99.1582,75.9773,109.543,127.783,124.427,122.132,93.8062,105.602,119.698,104.421,100.996,109.279,117.064,105.296,116.208,131.98,115.342,121.749,100.734,135.366,126.429,118.705,123.302,151.413,125.898,130.031,123.98,160.409,121.796,160.346,152.844,135.043,162.574,142.718,142.408,131.999,135.849
0,0,107.446,8.19631,81.4973,-87.798,25.433,104.262,147.397,93.9721,137.486,194.086,122.853,-76.679,64.3419,-12.6157,131.308,135.757,-135.733,170.525,44.1217,124.688,2.49496,79.7822,32.9738,170.139,75.7009,208.467,61.4342,24.9221,75.7114,123.849,190.088,130.837,17.3272,124.918,164.642,156.951,100.661,182.729,138.966,158.495,30.8192,48.4516,106.266,67.1283,106.433,228.473,138.233,44.0975,87.2211,40.2486,128.603,215.178,225.18,210.956,107.197,71.2198,162.025,277.613,259.73,206.239,137.398,202.141,20.6344,230.351,92.8648,164.186,191.706,56.607,264.551,173.954,188.987,140.275,222.064,297.271,286.412,173.496,45.3975,79.9361,123.475
0,0,102.659,2.81919,37.1148,62.3692,51.241,75.8801,58.0368,77.9861,75.6512,199.029,23.2168,73.5747,80.851,86.3863,30.5402,95.7628,62.6916,103.764,83.0107,133.475,88.6318,85.1437,137.391,148.197,64.6322,41.9165,68.8408,50.6952,47.4416,137.162,87.3451,109.192,102.703,88.2455,99.7314,97.4708,79.5696,93.354,49.8417,129.827,128.277,115.332,73.6443,116.733,71.3181,132.651,94.0858,88.8268,124.453,98.5042,94.3782,62.8608,125.783,92.665,108.267,127.63,88.4812,132.231,142.613,178.949,97.3206,127.489,72.3168,118.318,149.177,68.1213,76.378,102.688,178.836,148.968,85.3795,205.031,134.344,135.756,171.035,109.384,122.925,156.789,101.88
0,0,93.7902,0.597117,3.839,87.0735,93.6896,85.5215,96.1237,96.7414,91.694,92.583,93.8174,91.055,87.1916,93.414,89.9637,92.1256,90.3075,93.0964,91.4555,88.9514,85.1046,92.5129,96.874,86.613,90.5136,92.2317,87.1139,86.7386,86.8472,92.9687,98.692,91.804,94.3288,96.2918,88.3438,95.0939,91.4774,90.8087,97.8628,100.247,90.0535,99.3347,91.632,85.7035,95.2953,95.5076,95.6065,89.6931,95.4341,93.6725,91.5063,92.3088,100.824,99.08,91.9006,95.0628,95.1719,90.2027,98.4981,97.7297,97.5702,99.31,100.604,96.4034,97.3359,95.0474,99.3402,96.0204,94.8984,96.1303,97.7798,101.239,95.4683,91.3852,96.1578,91.6295,98.6709,89.6538,101.279
0,0,66.5003,1.86457,6.779,45.6367,56.5242,56.0895,45.954,55.8333,50.6259,64.7624,44.8241,60.7484,50.552,57.7586,62.7161,57.5366,61.9255,54.1758,61.1673,62.0619,51.8855,64.2332,54.1627,53.8052,55.7914,51.2764,65.1756,56.3318,53.3697,59.6051,70.8993,63.394,69.4872,62.0024,58.9949,59.2099,65.0667,52.9373,74.2169,73.544,68.6751,69.9371,77.8013,77.1716,69.6356,70.1521,74.0196,75.3778,61.1269,75.5073,61.6907,68.3308,60.0865,79.9156,74.5072,78.3627,76.5325,84.3858,71.8285,77.5682,73.4438,75.5198,80.9748,75.3041,85.8888,74.8017,73.2546,87.5703,81.7575,83.3523,72.9462,82.688,79.7542,81.7282,74.7853,86.1381,82.1491,74.6524,84.3771
0,0,121.505,0.925454,18.3122,116.696,142.39,119.677,120.806,135.39,72.2175,99.2145,120.808,108.081,96.7454,142.225,103.612,122.269,122.25,94.0951,123.443,143.794,136.34,122.982,100.981,110.608,128.385,109.653,125.671,135.937,101.87,115.864,102.772,109.952,128.738,114.087,117.747,147.539,125.087,108.757,127.21,107.526,96.6874,161.947,122.421,124.502,93.7534,128.209,114.44,125.038,103.725,120.81,140.735,125.064,126.248,121.038,115.549,123.259,166.41,110.525,131.399,140.173,139.599,112.013,103.184,112.79,120.233,128.965,173.424,97.594,134.538,121.153,135.236,112.537,132.759,140.419,141.503,119.557,120.492,150.777,112.608
0,0,80.2399,0.379933,11.953,87.5081,60.7323,72.6107,71.9116,58.5551,59.4847,90.1804,79.7702,89.8038,85.9283,85.4852,79.337,71.2147,81.2797,67.8957,68.2644,71.4414,64.8758,92.5362,77.9034,69.9046,67.1886,71.3797,79.809,67.2117,61.2987,77.0756,73.2122,82.5224,81.7669,86.3281,85.7245,71.5576,92.9732,87.8365,64.3859,58.9032,95.7948,84.2456,71.2377,74.5077,87.795,70.7642,88.8586,84.2134,93.1952,73.5802,74.9393,73.2061,85.4344,79.9316,82.3044,82.8114,95.2606,98.3964,89.4251,101.986,87.2237,83.4666,81.646,88.7735,83.7412,79.6976,68.4913,70.6725,67.4754,62.7679,83.1305,78.9871,93.0554,92.8104,74.5637,95.8494,83.1111,89.3389,86.8002
0,0,86.4865,3.08533,0.564718,66.1517,65.7564,66.012,66.3173,66.5756,66.9175,68.179,69.1705,68.6806,70.1745,70.945,71.1772,70.9888,72.7314,73.3439,73.5488,75.1727,75.4478,75.7081,75.3021,76.4658,77.6758,78.8861,79.3273,80.8586,79.6361,79.9713,80.8292,82.0325,82.3391,82.0333,83.6622,84.6013,84.5023,86.0874,85.2016,86.5822,87.7513,89.1144,89.3016,89.5016,89.778,90.5095,92.553,92.7927,92.6009,93.0451,94.1815,94.1347,94.9664,95.9155,95.9301,97.3759,96.9622,98.3723,97.8833,98.3246,99.751,100.07,101.154,101.879,102.109,102.678,103.068,103.19,104.718,104.637,106.343,106.956,106.781,108.826,108.304,109.317,109.493,110.337,111.865
0,0,140.465,1.6809,17.9597,137.895,113.218,127.974,158.321,112.682,119.228,123.111,138.576,124.912,171.63,110.128,157.135,129.128,113.525,119.151,142.635,176.315,157.158,108.534,137.715,132.298,144.007,136.004,157.854,145.92,124.341,116.423,116.259,148.97,137.715,155.971,127.235,134.698,150.345,162.775,128.543,121.66,138.191,135.906,158.358,150.303,107.2,137.218,148.37,142.839,165.906,172.184,140.176,142.988,135.572,136.441,143.179,138.86,136.17,159.03,167.881,132.412,155.987,124.861,171.609,167.85,163.686,130.45,127.239,180.079,150.771,205.837,143.022,149.48,168.391,176.762,117.349,144.075,166.93,118.306,156.906
0,0,136.394,0.493499,18.8149,128.576,135.801,128.221,124.132,151.381,116.61,121.971,124.333,110.842,138.839,140.921,133.165,165.579,131.929,104.552,147.536,98.6264,131.048,132.514,146.204,128.48,136.803,185.63,132.033,127.698,142.76,145.99,117.609,121.595,126.243,107.49,152.236,134.387,143.024,117.619,110.994,128.539,129.106,123,162.723,148.523,167.246,148.804,129.863,147.117,101.831,108.396,148.348,151.277,131.59,127.001,164.757,124.22,160.602,133.796,99.5297,122.069,139.564,106.717,130.919,135.562,173.511,139.959,120.946,148.505,130.144,144.822,120.394,99.4563,168.819,132.914,142.248,153.417,137.19,157.926,137.144
0,0,75.5793,0.126828,7.60008,85.2934,83.2588,79.8751,80.995,69.7716,76.4607,83.1118,95.9956,80.387,69.9367,87.4938,92.2069,71.3244,75.2636,61.6782,61.3563,91.5498,79.4908,74.8191,78.4907,80.058,74.1032,76.9357,81.2952,86.5884,86.428,76.4802,73.8168,67.503,72.1502,79.4349,73.009,86.1798,85.5524,82.9447,69.7314,70.176,77.5613,95.4006,72.3363,67.1795,62.5309,76.0074,67.1499,68.5827,63.3805,66.4463,87.1016,76.9081,80.5682,85.0626,77.2924,79.2417,76.8637,73.4157,75.1795,73.9118,67.661,86.5464,79.0649,91.5353,71.0482,76.6023,87.5881,86.358,81.8641,67.2681,92.5589,79.3989,80.8161,78.3029,73.7815,73.0355,72.6093,85.0294,77.9998
0,0,86.6282,6.36794,15.9564,34.826,43.1552,25.3515,40.1392,30.7272,47.1905,49.3683,73.5987,27.3498,53.9632,83.7586,38.1681,63.8694,78.9084,66.6847,75.2531,51.2399,53.6842,93.5576,87.4994,62.3033,77.542,74.3865,63.2886,66.0134,50.3171,76.2802,71.9932,106.782,62.8373,70.6304,70.0064,53.1722,102.536,68.5429,80.0275,92.5126,89.206,95.5305,79.2412,80.8007,91.4659,94.0078,85.695,99.5404,85.054,89.6606,122.58,98.1288,80.632,119.482,113.262,100.694,116.323,137.4,99.2559,104.038,111.298,94.4887,114.217,129.064,122.81,157.132,158.035,139.452,122.875,113.314,137.654,146.781,146.757,128.344,134.623,108.775,136.145,143.626,131.651
0,0,127.278,2.60995,5.5625,115.559,111.318,108.704,101.508,113.364,105.511,122.785,106.108,120.581,117.123,110.285,110.014,111.564,112.046,115.933,108.473,120.185,119.215,111.331,117.978,110.973,113.062,118.228,115.925,115.009,115.789,121.9,125.841,131.054,118.716,130.115,137.207,119.382,127.773,125.415,132.627,130.38,141.349,127.836,131.69,125.115,127.503,130.972,133.716,128.452,136.766,127.588,130.981,115.959,134.416,130.816,139.227,132.625,136.558,133.313,142.337,136.072,135.611,140.704,135.994,139.045,148.611,141.549,139.449,150.676,145.234,140.454,146.555,135.668,137.03,146.433,144.529,151.539,146.567,144.285,149.825
0,0,111.179,1.50064,5.4843,91.1056,98.6408,84.8893,103.996,100.473,98.6377,97.7609,98.8585,103.653,98.4289,105.252,98.4764,97.8837,98.7311,108.668,106.348,113.588,105.882,105.488,110.643,114.135,98.4836,109.586,101.641,105.885,114.715,106.196,104.716,108.678,108.221,115.526,105.135,113.632,105.764,113.139,109.799,104.617,111.709,117.972,108.432,115.462,108.908,104.938,104.398,117.335,126.252,105.575,111.664,118.789,114.893,115.017,106.557,109.625,106.411,125.846,110.559,113.447,123.02,128.121,120.085,120.936,121.426,112.214,112.147,117.696,118.97,118.628,121.571,128.108,112.982,124.843,112.026,131.192,120.79,123.545,119.682
0,0,112.351,0.151803,12.2848,130.092,99.023,139.925,108.387,107.006,93.9644,126.664,126.926,93.8171,118.173,118.416,112.937,108.15,111.847,133.93,111.767,119.354,110.062,117.599,111.782,97.7521,115.209,118.013,104.117,116.147,130.808,114.48,112.391,90.8425,116.768,115.383,108.1,91.0812,103.254,126.117,110.29,106.085,130.198,93.9273,102.118,123.893,107.114,105.194,111.264,102.177,128.532,97.8516,125.159,129.502,123.889,129.458,106.352,107.001,103.979,125.505,111.83,120.044,123.033,120.341,122.145,106.21,109.989,116.999,92.393,104.957,119.738,101.48,98.6264,107.754,103.299,104.635,127.66,104.043,121.94,126.607,131.609
0,0,105.503,1.12932,0.071871,97.5682,97.7211,98.0134,98.1945,98.5503,98.6947,98.8967,99.1217,99.2751,99.5314,99.7588,99.9992,100.311,100.54,100.752,100.94,101.099,101.466,101.588,101.816,102.059,102.38,102.593,102.77,103.02,103.071,103.427,103.558,103.814,104.038,104.423,104.545,104.731,104.997,105.271,105.432,105.703,106.012,106.133,106.342,106.705,106.843,106.967,107.266,107.601,107.668,107.953,108.255,108.476,108.693,108.85,109.16,109.408,109.513,109.82,110.015,110.18,110.33,110.666,110.889,111.122,111.423,111.507,111.724,111.914,112.18,112.381,112.825,112.88,113.189,113.321,113.614,113.772,113.975,114.436,114.521
0,0,114.875,1.05254,5.84847,107.686,106.009,116.844,110.694,116.203,105.873,108.615,111.695,123.248,106.34,111.112,118.445,110.22,117.687,110.036,110.985,110.039,117.773,103.207,109.454,113.013,105.782,111.58,104.324,109.136,108.748,104.058,109.004,124.964,109.993,103.73,115.309,114.502,106.851,109.875,108.826,114.433,109.881,114.807,111.298,130.26,119.518,124.245,121.525,108.598,119.856,119.937,113.818,119.044,104.777,120.181,112.096,117.014,128.46,114.697,121.87,133.801,118.48,122.491,121.154,120.773,126.647,119.976,121.313,110.574,125.928,116.156,136.564,127.181,125.951,120.467,119.797,130.418,115.235,135.34,121.806
0,0,142.919,0.340681,41.5788,131.209,166.516,168.127,102.7,156.924,92.3991,64.9777,133.351,182.144,101.926,122.471,207.161,129.973,124.007,108.856,156.411,117.903,110.6,167.384,111.708,83.3978,155.039,220.196,135.673,159.617,142.694,111.296,154.006,132.995,134.859,227.269,129.8,204.994,191.032,105.687,152.495,158.99,150.346,181.853,153.107,132.275,130.271,115.926,135.249,150.552,156.163,195.561,168.164,142.444,163.904,90.3274,118.362,91.239,84.7504,48.9136,99.7436,205.855,147.602,126.075,178.39,164.251,126.266,89.4877,142.443,93.562,146.18,62.3171,160.922,115.649,75.6884,193.968,206.025,184.633,168.7,186.463,169.288
0,0,85.1013,5.59827,37.8631,78.8804,64.3605,153.255,15.6427,48.1043,85.6396,21.2909,75.6421,93.3819,-0.299153,24.8923,-19.7378,65.2231,85.9791,83.5437,48.8031,86.4179,61.5185,27.6146,28.2206,93.6058,30.0337,59.2258,110.609,49.6221,66.039,54.6661,86.6828,84.9158,63.2486,48.3215,104.309,102.757,54.3723,34.3511,70.0555,73.9348,111.766,51.3279,56.7908,81.5356,117.583,134.025,120.987,93.6326,56.2507,121.824,94.9115,130.003,53.3631,98.9619,143.468,153.014,124.088,72.675,173.457,141.079,95.3126,131.18,107.295,137.851,122.718,112.284,128.708,63.0267,155.475,44.8169,102.108,72.2194,128.762,114.575,94.6125,137.277,88.9422,90.127,130.076
0,0,83.7341,0.804874,4.09859,68.1103,80.946,75.1308,79.6561,76.4004,79.4203,80.906,78.6575,75.6338,73.9348,75.1179,81.2311,78.4309,73.1147,78.7598,88.6587,88.6739,69.9064,73.8084,80.5912,85.8179,80.1003,78.6378,85.5773,79.6766,87.406,76.2622,76.03,86.7282,82.4874,82.6696,76.071,76.9611,79.3959,82.0283,79.8205,83.0709,81.3286,93.7974,80.0285,82.6521,80.839,84.6564,86.4344,83.4322,79.651,90.4516,87.7735,86.6196,88.2693,91.1488,89.8412,93.3718,90.4577,85.2568,89.0522,87.2932,93.0555,88.2483,85.9325,87.2288,91.6862,85.38,87.0997,85.6617,90.2417,91.0307,92.7446,90.9297,95.1969,89.0263,90.2856,90.666,89.966,94.3046,94.1643
0,0,96.7902,3.06694,13.2125,88.231,57.525,59.0112,78.0562,44.0552,96.4461,83.9856,85.4909,74.8717,78.218,83.0518,79.1236,78.6269,56.2622,100.611,91.5704,86.4155,79.755,94.9205,112.936,85.7292,100.521,75.3534,67.4237,105.864,80.5384,86.9828,98.9121,70.4154,90.8635,95.9808,91.8307,86.4765,95.8919,91.862,100.012,65.9,119.107,116.17,105.64,110.23,111.647,73.8136,108.064,109.756,99.0982,83.5324,106.297,103.412,104.323,113.879,112.411,124.435,89.8242,119.074,92.9755,118.01,122.208,119.428,128.078,131.511,104.305,129.712,105.417,107.222,113.097,111.53,108.108,85.012,115.49,131.899,135.615,114.743,122.405,121.931,122.57
0,0,87.3985,0.554124,0.901469,85.2592,83.0566,84.3521,83.2074,84.4332,85.7888,85.4779,84.5985,84.8174,84.6064,84.226,84.5886,84.4951,85.2397,83.815,84.3406,85.4492,84.4773,86.1641,86.3539,85.3846,85.8872,85.8659,86.3981,85.8339,86.7267,86.4,85.3406,87.375,86.5733,86.8917,85.4109,87.0109,87.9166,87.0093,86.5975,87.3405,86.5402,88.1545,88.3362,88.1723,87.5087,87.0107,89.5184,88.3497,88.0428,88.1634,86.613,89.3491,89.0411,90.1648,88.4328,87.9481,90.48,90.6999,89.6648,90.1074,90.4986,89.6665,90.5625,89.4321,90.7336,91.4121,90.2519,90.1785,90.0561,91.855,90.4926,90.6027,91.8325,93.0147,92.5017,93.7574,93.033,92.8061,91.6394
0,0,128.606,3.37379,6.42076,93.1901,95.7509,108.977,104.614,103.195,109.278,110.728,101.955,118.05,110.533,105.711,110.651,113.062,120.009,122.861,112.782,112.905,115.355,104.148,117.625,128.585,118.534,125.471,127.916,112.423,125.849,122.351,119.35,121.966,117.5,120.513,120.238,130.059,130.608,129.681,126.061,123.558,135.533,131.038,127.45,125.237,125.829,132.902,141.812,142.677,137.418,132.037,151.33,117.429,138.7,136.635,144.896,148.054,138.04,145.844,144.376,147.213,151.43,144.391,144.063,137.858,144.839,151.671,148.796,152.018,150.036,154.166,158.24,140.862,151.66,149.151,144.276,146.934,153.332,145.62,161.916
0,0,100.602,1.61553,11.8132,98.2314,88.5126,102.73,91.4295,87.9876,73.7668,83.5371,89.2105,76.289,113.403,94.2152,74.5717,93.2554,73.1976,100.406,109.843,85.2576,77.3057,93.8553,84.0807,90.7762,79.1516,96.8869,93.1007,91.3377,109.308,120.625,110.348,79.5341,84.0322,103.48,57.8824,96.6036,98.4694,102.727,107.519,96.4319,77.1597,99.5493,108.502,99.4995,101.163,101.043,71.9034,105.152,101.241,105.312,100.343,119.261,100.593,104.872,94.9408,114.98,84.5791,115.078,115.853,79.9501,94.868,107.666,110.986,107.024,74.5684,134.925,99.3902,98.8688,95.7912,116.872,86.0654,111.212,110.39,119.594,126.046,114.195,112.032,129.44,118.909
0,0,112.963,0.537611,1.15749,108.812,108.121,109.23,110.634,109.863,109.03,109.778,110.382,111.424,109.629,110.926,113.729,108.286,111.389,110.155,109.308,112.09,111.097,112.893,109.499,111.318,110.745,112.383,109.997,110.747,111.872,112.01,111.693,110.102,112.85,111.993,112.212,115.216,114.016,114.134,113.924,112.624,111.626,113.695,111.648,112.855,113.728,114.861,113.312,116.963,113.828,115.001,113.261,113.139,115.261,115.204,113.115,116.469,115.903,113.122,116.685,115.062,114.638,114.512,115.468,114.386,115.656,116.869,116.17,117.025,114.214,115.954,115.685,116.841,117.763,117.08,117.437,117.037,115.361,117.118,115.366
0,0,121.859,4.05828,12.6556,97.1632,92.5479,78.7634,110.329,102.173,105.213,109.986,82.5119,112.374,111.525,94.1746,93.6569,95.672,111.588,82.6906,100.438,94.4278,88.8589,79.3364,97.9645,114.493,122.156,135.498,124.536,125.621,115.274,88.5664,116.446,108.766,107.071,134.029,94.015,147.662,97.3619,143.858,120.018,124.341,106.281,124.466,121.355,103.74,118.097,108.921,124.231,148.939,133.516,124.554,147.669,132.861,131.508,152.522,139.173,131.685,141.507,103.987,151.226,119.2,125.544,152.686,164.591,142.39,137.365,169.025,143.617,149.452,145.363,156.149,134.338,136.525,105.486,156.179,163.3,157.831,160.127,153.254,149.875
0,0,99.5034,2.73604,38.7491,63.6456,79.3404,74.3696,138.027,140.504,87.7323,63.6411,108.767,141.74,93.3165,70.5351,133.814,86.381,74.4205,124.462,105.489,71.1862,69.3661,133.472,112.641,115.296,116.783,56.7882,44.28,81.5047,132.307,8.21873,75.0709,148.371,99.1812,110.59,73.0379,83.2015,53.8105,125.71,54.6227,41.7442,153.58,122.908,116.399,137.79,131.258,151.796,171.489,1.01264,110.187,131.752,98.1102,73.5016,114.666,56.964,113.244,117.567,90.9685,92.5675,53.583,99.1451,102.226,91.4356,106.474,73.5304,166.983,140.353,95.8872,56.7448,189.606,41.7687,77.5374,92.6346,132.661,153.621,148.761,165.617,59.9833,145.014,123.632
0,0,101.861,0.851277,7.96322,90.4027,88.0615,99.4798,111.7,82.2319,94.1194,88.4039,108.874,80.7153,105.036,103.711,109.897,105.967,103.582,96.0363,100.036,94.9303,94.138,98.1808,90.3227,103.433,84.3946,95.2105,86.9775,107.828,88.147,98.8245,105.718,94.233,94.3291,93.6376,117.468,103.628,113.061,105.103,94.6116,88.3854,104.588,91.5207,108.077,104.604,107.806,93.8965,114.241,96.2875,99.508,127.206,105.643,98.8727,114.211,102.895,93.7304,109.03,94.4322,114.927,93.0081,101.901,109.903,111.984,115.125,112.137,109.151,111.721,104.16,110.485,104.919,109.508,92.4955,115.63,105.203,108.021,105.876,102.804,103.631,106.464,107.61
0,0,88.329,0.28451,58.1552,29.8675,148.3,52.1099,161.369,103.706,73.0965,138.395,103.323,54.9192,62.7054,4.27296,82.8605,-2.97754,112.936,232.781,169.531,58.7554,105.131,114.178,105.521,96.5734,35.5122,84.0822,89.3988,187.288,15.1483,153.451,187.147,73.0018,118.298,96.2026,74.8762,74.4106,60.5078,129.17,61.6042,110.366,39.6475,29.8526,131.862,84.3457,209.303,-15.921,-6.10649,83.2916,123.393,132.729,29.5952,3.91219,43.6581,8.64891,54.819,77.3399,39.0107,119.368,28.2385,94.1113,55.2931,60.5614,139.692,24.0515,152.658,107.56,76.6501,92.0752,88.4704,68.3127,96.7966,69.0801,145.617,98.1848,107.591,191.545,54.5457,18.1936,59.272
0,0,111.384,1.29995,15.7702,95.606,85.0377,102.367,109.85,101.69,112.99,62.3288,97.4469,95.6933,116.355,100.459,138.895,85.6694,114.908,113.143,104.991,109.254,121.158,118.067,116.519,116.09,103.318,115.36,133.065,93.5159,78.5707,113.972,79.4246,106.215,123.199,121.788,114.802,127.496,118.927,132.59,113.642,112.115,91.2713,115.066,122.498,102.102,90.9347,105.58,108.346,94.4418,103.317,122.172,122.887,100.193,106.635,128.781,112.102,133.472,127.231,105.347,129.796,94.8511,125.792,132.865,96.5291,117.897,107.156,126.426,123.97,108.671,119.789,116.328,140.215,123.83,120.122,100.546,124.642,82.1855,104.051,103.845,136.945
0,0,119.293,0.844238,19.144,100.614,124.36,118.238,142.104,146.712,114.654,78.0708,100.574,118.348,130.539,147.625,113.836,166.7,104.734,159.187,106.146,110.154,147.14,119.443,91.0164,104.465,132.939,102.817,132.961,117.563,128.155,119.613,126.859,99.6266,134.978,60.3913,138.773,135.638,92.4743,126.615,118.626,97.0604,133.071,114.341,134.074,120.293,138.345,99.4624,122.55,103.94,122.457,136.95,131.762,125.602,136.243,119.613,115.944,129.161,76.6767,114.691,155.073,131.795,119.893,109.905,116.41,127.569,85.6017,125.487,114.88,94.4598,111.572,142.973,66.2235,144.304,113.48,128.414,106.665,104.96,103.349,90.9592,105.79
0,0,93.6362,0.614851,29.3076,83.9983,75.6987,85.1205,79.8461,86.9892,82.1598,89.6177,65.4359,45.3872,50.3293,110.131,67.2831,183.122,160.059,83.7603,124.586,54.8654,108.19,5.30431,93.6438,69.3198,70.7093,114.579,101.918,60.6725,97.1866,117.716,121.821,61.303,130.871,105.82,82.2892,53.2198,92.8026,72.5591,65.9337,74.1127,59.4126,79.3759,124.573,16.7826,59.9645,76.1844,76.2883,88.6353,97.093,71.3563,134.565,74.1091,79.5674,67.2193,65.0578,93.8302,142.223,127.939,139.495,106.877,78.2162,101.502,133.886,105.543,84.2071,82.4807,109.804,92.5445,57.0194,56.3052,108.741,129.039,143.184,108.095,94.1759,103.868,117.427,182.144,139.925
0,0,104.855,0.35624,19.4442,95.9138,105.3,83.7296,98.7774,133.278,116.613,107.787,105.468,125.378,117.017,70.8477,64.9166,140.879,93.8143,95.6734,105.517,111.856,87.3317,111.388,105.061,89.5184,96.8942,113.639,107.615,97.989,102.816,97.9117,106.833,105.234,77.7455,121.715,109.28,73.8336,92.6162,73.7802,109.944,82.3432,113.619,98.0409,92.9179,108.084,108.96,84.3153,101.918,94.5307,62.6317,124.044,111.154,131.655,84.7179,86.5023,87.047,75.7876,104.526,102.85,95.5661,103.989,113.526,102.494,95.0977,78.6136,106.891,126.562,76.815,122.666,140.14,96.7284,95.3407,123.803,98.7911,100.088,113.748,94.435,147.113,127.932,122.433
0,0,119.142,0.713678,6.26544,117.84,122.633,113.776,120.381,102.827,116.037,107.711,121.672,108.666,104.191,113.447,113.475,115.559,109.058,120.311,117.717,116.504,120.993,115.759,109.561,122.196,125.277,117.578,119.291,117.753,116.77,121.872,116.731,118.344,107.285,115.318,119.362,129.227,115.681,117.008,103.385,126.754,123.772,119.525,112.982,109.51,122.885,104.93,112.745,111.11,121.461,118.96,113.938,119.325,116.116,113.67,119.631,122.346,118.04,104.04,120.892,125.68,127.754,119.248,127.245,133.551,119.16,118.59,122.22,123.198,122.417,117.059,118.264,120.319,115.099,127.325,129.491,114.827,125.595,124.627,128.607
0,0,119.552,0.622688,2.96127,118.274,116.177,120.304,119.582,114.302,112.841,118.307,117.622,116.736,110.737,112.345,108.626,111.242,116.487,111.661,117.605,116.085,114.702,120.829,117.432,119.159,120.954,121.566,124.294,119.834,114.844,118.208,116.642,120.294,114.25,120.535,123.41,118.697,125.126,114.572,120.482,118.355,119.668,118.638,126.423,120.05,117.829,119.547,123.915,121.678,119.268,114.054,123.951,122.078,116.815,119.941,120.475,122.323,125.461,116.908,122.001,119.921,124.228,120.915,123.331,122.845,115.019,122.415,123.356,124.724,120.488,125.424,122.947,123.958,129.623,124.103,121.672,129.591,122.987,121.754,127.956
0,0,154.739,0.791164,38.718,205.691,146.537,136.601,131.535,130.161,152.779,127.352,131.092,159.187,163.429,213.335,129.122,119.716,144.962,164.147,140.372,108.824,158.188,153.192,167.239,104.895,183.016,132.454,179.613,100.597,92.7726,145.199,185.987,92.3669,130.895,178.777,123.026,184.805,170.018,197.282,164.109,160.315,156.893,183.795,231.684,144.976,88.3318,105.963,130.428,159.11,198.045,132.71,142.314,184.376,113.56,133.823,85.6179,189.07,148.457,188.749,114.392,152.335,153.305,247.656,73.6367,215.409,129.184,159.518,140.714,149.57,119.777,113.583,189.337,124.662,145.082,176.371,187.177,123.625,174.726,206.231,144.281
0,0,118.577,4.17357,17.5662,78.2411,75.5072,99.073,53.2393,82.8836,51.6121,112.493,98.2012,81.2855,60.1646,115.601,80.0545,104.312,125.718,115.504,106.074,106.956,107.595,118.708,107.104,87.8131,93.8162,149.166,94.6402,111.55,126.441,119.099,130.497,117.313,109.762,120.132,100.533,86.4211,119.914,103.294,120.825,148.737,106.18,96.1505,78.0688,94.341,121.496,119.689,139.179,106.116,116.784,114.492,132.897,139.707,138.293,162.426,146.633,109.305,160.364,146.333,139.605,131.39,96.0306,133.369,151.013,108.837,136.265,153.318,150.286,125.598,170.337,179.31,142.338,146.681,178.155,158.308,135.223,166.719,155.575,147.006,125.006
0,0,121.508,0.510316,17.1605,135.552,105.536,121.381,91.3493,109.889,143.662,114.281,130.382,113.836,90.4038,123.378,127.151,106.524,113.215,123.544,149.768,95.1749,101.73,140.777,120.036,111.07,107.991,148.392,127.411,111.026,116.163,140.01,125.396,142.847,75.9635,135.581,138.937,164.436,120.41,87.0021,95.5574,135.039,87.8792,107.806,139.696,93.3128,118.465,149.629,129.994,113.827,127.272,125.82,127.34,171.2,134.767,110.843,136.292,120.858,152.138,116.58,125.92,97.1008,141.07,133.543,126.219,113.085,137.575,133.909,132.08,118.983,136.07,130.361,111.706,97.9967,128.739,153.518,116.094,119.276,99.2187,135.242,124.112
0,0,109.492,0.131802,0.5459,108.201,109.349,109.047,108.475,108.657,108.304,109.435,107.91,109.054,109.171,108.777,108.104,108.946,109.104,107.486,108.952,107.75,109.035,108.708,109.441,109.653,109.944,108.04,109.805,108.883,109.73,108.83,109.55,109.443,110.62,109.359,108.748,109.861,109.777,110.448,109.089,109.502,110.211,109.281,109.064,109.496,109.606,109.286,109.76,109.747,109.466,110.153,109.99,110.859,109.067,109.39,109.881,109.165,110.93,109.511,110.706,109.624,111.784,110.081,109.848,110.499,109.945,110.226,109.332,110.031,110.518,110.188,110.369,109.762,110.16,110.367,109.56,111.013,110.415,110.689,110.218
0,0,105.086,0.954656,3.57413,100.913,102.836,98.7661,101.287,100.744,103.04,100.093,101.404,95.9263,92.052,104.416,103.145,97.8404,100.755,100.257,105.483,103.282,103.353,101.258,106.594,97.6056,101.001,104.668,94.5151,100.832,100.918,102.214,101.503,106.667,104.926,103.591,100.787,110.532,109.913,105.453,108.807,107.341,102.895,110.437,103.879,107.204,102.619,110.812,109.862,109.205,110.566,115.117,100.905,108.845,108.895,110.254,111.015,109.077,111.182,110.115,111.547,116.925,105.1,112.117,113.844,105.717,113.839,114.825,112.484,113.762,109.983,114.324,111.427,116.007,106.344,112.438,110.135,107.691,115.648,111.842,125.105
0,0,77.6412,9.98551,0.575908,8.07312,9.74873,11.2609,12.6209,16.4809,17.6465,19.1758,20.8083,23.7092,25.3591,27.8627,28.9933,30.5668,33.3536,35.7541,36.5324,40.4782,41.5408,42.8559,45.1714,47.5751,48.75,51.0155,53.1355,55.3437,57.4795,58.8511,61.2144,63.3993,65.2486,67.7123,69.164,71.5243,72.9416,76.1022,79.3783,80.305,81.571,82.7427,85.5335,86.6713,89.6777,91.7589,93.7322,94.9378,97.6042,100.082,101.429,105.418,106.187,106.647,110.042,112.334,113.281,116.324,116.844,119.036,122.474,124.371,124.974,126.7,129.027,131.716,133.463,135.687,137.84,138.9,141.695,142.118,144.472,146.386,149.883,151.209,153.624,155.586,157.221
0,0,116.563,0.0985741,51.3211,161.849,195.197,50.0407,6.2882,180.867,134.213,139.917,174.515,126.803,147.589,113.782,176.098,156.077,102.932,136.716,172.343,131.478,201.439,48.5097,171.974,151.128,138.645,78.9094,117.083,124.581,127.9,40.8209,80.9614,90.8458,194.083,136.43,176.265,148.97,189.97,130.543,122.527,97.2164,47.7819,126.439,153.143,126.141,87.5081,29.0574,116.08,64.211,139.696,145.455,179.386,84.4605,183.399,114.345,178.631,83.4275,110.669,163.259,87.0727,109.543,161.367,157.052,175.255,65.7036,142.45,90.9726,197.164,154.363,141.433,160.1,133.276,157.419,154.543,156.115,66.255,74.503,134.863,78.6209,75.8803
0,0,113.43,1.05794,33.6318,133.669,98.6587,144.076,76.8708,72.2774,142.441,202.38,99.2698,190.388,95.034,94.1242,169.22,68.614,46.0561,92.1247,140.705,84.3784,103.442,209.371,96.8099,81.8491,71.5881,105.789,160.375,48.0513,75.6953,75.1495,84.5555,112.537,71.8226,96.3002,130.612,135.133,155.157,101.62,105.918,77.0503,136.309,88.3818,32.3938,157.762,79.0185,144.494,158.032,109.711,76.3168,153.413,65.1089,95.3874,119.764,106.628,72.3924,90.1823,112.524,101.097,142.089,151.909,88.4913,143.197,147.659,72.1624,115.08,187.233,130.342,145.741,93.5552,155.219,81.1292,58.0808,121.957,129.828,144.731,105.978,125.437,51.3056,149.641
0,0,137.699,1.57796,20.9182,138.339,130.95,117.369,124.525,99.0741,127.108,122.933,145.65,114.975,112.789,103.59,139.997,144.356,114.205,77.8118,142.161,170.044,129.753,134.846,160.351,183.297,136.788,166.126,88.8596,128.736,150.371,136.756,153.024,134.074,176.219,135.467,110.875,141.85,136.354,163.944,146.066,147.324,115.038,138.215,163.535,141.501,166.138,92.7087,142.93,145.545,138.886,153.43,106.095,135.498,170.382,164.855,149.224,132.681,132.485,142.067,133.697,141.498,132.072,149.673,136.886,139.228,131.434,132.581,173.976,153.24,142.036,168.313,200.551,163.173,154.588,168.529,146.423,137.394,173.923,180.816,111.591
0,0,126.665,1.30186,2.68164,116.686,119.786,120.2,115.557,119.794,115.944,119.742,120.375,115.944,115.579,116.787,120.663,123.93,121.491,116.976,119.826,122.851,121.642,123.587,126.206,116.549,122.239,122.346,126.9,122.541,123.805,123.116,126.173,120.209,123.082,123.715,128.521,122.846,129.699,128.969,124.478,124.725,127.247,129.672,127.899,124.094,124.179,124.668,130.435,129.522,128.042,127.62,128.436,130.295,131.548,131.365,129.547,127.547,129.735,132.91,128.426,128.88,132.966,131.52,135.091,129.876,133.42,133.063,134.885,132.636,135.632,131.671,141.08,133.661,135.59,137.659,136.017,133.734,137.053,136.019,137.531
0,0,151.611,0.980223,53.1995,160.687,129.888,119.057,87.0498,156.113,95.0112,87.1045,174.407,95.9539,91.4467,123.558,113.354,185.309,227.356,179.206,289.318,176.537,111.882,204.995,117.327,166.748,90.5267,117.572,238.174,191.843,236.389,150.499,57.2755,71.0044,218.719,148.454,131.704,155.677,158.546,130.876,175.48,178.104,182.073,96.4307,77.3127,240.355,57.0841,77.658,148.537,120.064,105.653,50.6301,125.07,110.048,116.384,90.8086,177.038,100.466,203.575,168.901,73.2893,184.274,240.064,91.607,82.8673,123.082,55.3575,175.273,175.24,154.319,242.954,109.179,184.404,154.156,199.875,156.804,106.492,78.6592,152.802,143.859,163.276
0,0,124.119,1.58649,17.6935,67.1138,127.725,131.235,101.705,96.8011,81.3785,118.72,130.56,69.9632,138.507,125.869,109.609,99.1087,89.7225,125.206,87.9829,112.441,115.714,96.0683,134.692,103.337,105.948,117.066,151.501,140.618,133.904,153.519,132.977,98.8438,122.579,132.653,116.469,91.601,93.8561,121.608,125.177,115.839,148.666,99.9898,135.84,143.995,172.936,135.835,137.786,114.446,89.6854,142.775,117.554,118.605,94.1507,99.8481,83.5776,144.429,145.97,129.935,129.906,145.159,127.037,129.676,146.276,119.988,153.992,149.722,116.44,95.4336,149.494,143.909,129.725,116.014,157.311,147.103,122.935,153.45,136.696,103.914,136.163
0,0,110.063,0.898639,31.0679,110.209,91.3792,114.799,64.9213,118.805,30.7319,89.3899,144.022,88.7465,45.7497,145.758,122.757,96.3663,95.1169,101.466,73.1453,113.7,99.4799,68.3684,62.3095,145.605,77.7316,90.8644,111.7,131.257,54.6269,76.9901,149.058,58.5802,72.4567,120.185,95.8323,114.188,125.147,142.113,128.979,138.154,85.7636,90.6606,145.478,140.939,75.6757,39.2429,100.921,102.967,140.958,118.888,98.1598,76.8911,151.09,112.256,124.023,104.052,107.54,93.1035,60.3454,115.597,150.453,83.6037,84.6581,65.594,144.004,129.501,70.8113,122.073,143.153,129.659,140.007,106.721,53.6913,149.088,106.463,77.9312,124.188,124.417,142.298
0,0,95.8415,0.578082,6.34845,91.0251,93.7228,96.2843,92.6575,101.563,91.9738,92.431,97.8334,92.3279,92.2038,100.984,86.2444,92.1562,82.6112,100.207,101.475,102.065,96.1188,95.7895,86.5746,88.1229,87.4256,93.6153,101.283,94.9114,96.489,86.6896,86.7722,106.413,87.8078,111.518,90.2032,91.0142,93.3517,111.625,107.77,90.963,87.8543,98.5725,100.456,106.084,107.052,91.8751,102.25,100.088,104.188,94.0483,102.842,97.1077,86.2458,102.038,98.843,104.294,94.1009,91.7977,104.395,91.3373,97.0585,94.9367,92.8306,100.871,99.5981,92.8704,86.4646,93.91,87.9777,97.714,88.1038,100.46,97.6066,117.052,99.739,105.535,103.098,97.3276,112.538
0,0,107.534,0.626846,6.91646,94.2188,98.4482,112.901,95.4869,111.028,104.515,102.032,112.025,93.6742,107.557,105.928,114.903,117.264,100.831,114.538,116.993,103.565,109.838,105.476,107.782,98.2724,110.523,110.017,110.937,112.507,108.771,111.939,97.1039,96.9488,110.836,106.139,98.7142,112.288,101.292,102.131,99.8565,105.35,95.0995,123.89,115.307,106.924,117.578,111.606,98.9238,103.89,101.678,104.98,95.3304,103.703,99.9338,100.348,92.5331,101.342,110.206,114.379,118.553,104.935,109.536,104.894,105.078,101.128,116.58,114.88,111.451,115.948,108.154,106.693,101.891,118.305,111.552,115.584,111.371,111.095,105.997,108.709,114.326
0,0,114.074,0.250112,32.1271,45.3172,103.688,91.4113,145.644,112.935,71.6141,147.278,77.6277,152.038,109.271,117.505,47.5049,112.843,121.038,57.1468,103.808,84.6945,84.1352,124.135,107.229,153.12,137.336,56.196,96.6978,86.8438,150.294,150.053,80.3369,110.61,144.943,111.001,61.6399,101.317,133.446,101.557,77.5368,137.781,106.81,152.79,105.561,144.333,107.627,81.76,96.1672,97.3186,98.642,145.222,151.056,111.348,148.675,123.813,128.484,126.524,126.823,32.6336,96.3249,6.10194,36.8229,122.546,129.072,110.764,82.4825,119.556,104.93,105.625,110.163,175.064,141.015,140.648,117.211,125.874,66.4899,77.7294,153.905,119.635,159.426
0,0,117.173,1.27013,16.3316,131.082,88.8081,108.915,103.582,96.5731,118.278,104.426,138.614,109.703,120.112,119.9,116.52,101.312,123.504,109.176,127.591,121.034,110.799,115.147,109.88,116.924,117.865,114.408,115.962,100.64,137.548,111.915,116.751,98.6115,136.793,104.393,144.37,121.863,103.691,100.203,67.0955,125.487,102.123,96.5297,134.428,118.173,108.985,96.5186,130.628,125.671,107.364,116.172,108.369,112.193,90.1008,103.889,124.477,141.677,104.976,129.401,109.204,145.283,111.954,133.722,124.021,112.548,140.98,133.178,126.18,168.907,149.545,152.803,128.537,147.993,90.1953,139.769,118.436,127.508,130.52,115.931,146.385
0,0,94.2938,4.60034,9.38111,57.92,46.3311,67.4801,66.2553,66.2975,66.9665,67.3743,74.8171,91.7456,77.6371,74.021,66.4406,77.081,89.0769,77.8487,87.9839,70.4415,69.7803,80.2974,74.5858,72.832,69.4177,73.786,92.4599,89.075,91.3585,85.6012,83.8661,100.607,91.8607,65.8826,65.8282,98.4851,109.467,103.564,100.93,87.5639,92.562,111.373,101.94,94.9333,85.6646,96.7227,121.025,84.1979,97.0515,113.188,109.001,102.92,96.1422,114.063,131.342,111.99,111.187,109.22,91.0514,99.5126,112.055,112.793,118.354,119.793,115.749,103.625,113.965,118.299,127.909,111.449,127.069,124.003,117.229,118.528,124.41,128.12,126.228,125.786,124.707
0,0,123.642,2.56241,10.7529,88.612,123.558,105.761,118.849,114.099,110.628,111.831,112.968,103.015,117.572,111.917,110.745,109.027,121.272,111.18,108.921,115.678,126.006,121.937,120.823,115.431,115.908,108.065,115.338,105.572,106.723,138.824,125.071,110.921,120.24,119.82,133.928,119.775,121.192,135.389,142.021,113.124,126.973,125.67,118.216,139.506,120.548,135.589,147.428,111.527,130.566,139.956,115.4,109.564,134.168,125.879,137.365,128.903,118.441,138.82,132.843,134.558,134.878,151.7,119.388,134.336,150.959,114.101,143.811,137.635,147.809,147.008,139.802,143.781,158.075,141.65,149.256,137.351,144.226,137.897,150.292
0,0,94.2788,2.07516,2.75473,81.1117,82.8037,73.6675,75.7596,87.2974,79.7297,85.3477,84.5312,85.6842,85.3835,79.2848,85.9514,87.2196,87.2169,84.7955,89.496,90.8791,87.9786,84.6223,89.0193,90.2824,88.9769,87.9385,93.7529,90.8787,87.8055,87.0986,92.3707,87.7775,88.7209,96.3012,97.5726,91.4854,91.3164,87.3428,97.8456,95.0711,95.2334,99.6431,93.0394,96.2034,100.757,99.06,103.914,96.4312,98.0363,99.1941,93.6198,104.907,104.582,105.669,98.6378,103.479,102.932,110.164,102.064,106.019,107.216,101.143,100.46,107.752,104.728,105.659,110.612,105.705,108.957,108.093,108.716,112.048,107.276,111.732,106.887,109.06,109.958,112.637,111.231
0,0,88.7777,0.980144,6.34427,86.902,84.1814,89.096,84.024,82.0289,77.3448,86.5588,85.8925,74.8432,87.1933,83.6729,86.5075,82.7615,85.3261,86.8392,91.1609,83.3073,89.1572,85.1968,91.8201,88.7274,82.9022,89.4925,91.8934,87.8355,88.9401,91.8088,95.8652,88.5952,85.1015,80.9617,91.3137,87.5063,88.7689,83.2934,85.7078,89.9092,89.2004,97.5325,91.0021,86.7348,87.8123,83.7125,91.6928,82.4651,87.154,85.862,98.722,89.8002,90.2983,91.647,80.4583,91.2507,93.3645,102.842,91.5765,89.9651,91.3479,93.9417,95.4913,89.3772,97.3579,98.1124,102.684,85.602,108.743,98.3746,90.2873,95.5923,101.383,94.383,97.5568,101.903,90.92,109.955,92.635
0,0,103.533,0.347615,14.0362,118.117,129.916,117.738,96.6102,126.114,102.49,108.561,83.2494,89.8269,109.872,83.2539,109.554,86.4963,104.14,100.197,98.5706,111.992,76.9487,101.481,117.648,104.574,90.1716,103.085,97.6759,124.413,88.2769,111.624,93.8909,97.5141,106.855,128.422,119.86,95.775,85.3108,100.97,106.406,118.927,116.337,92.3306,98.8915,96.0336,111.672,114.768,108.078,89.3256,114.94,112.222,105.978,95.1391,100.471,93.0273,106.554,98.7653,117.53,97.1059,110.628,110.213,121.738,89.9495,84.8249,114.953,120.049,93.6127,93.9774,104.799,109.36,94.3021,103.98,89.9117,98.1257,92.9531,115.909,116.019,96.4689,105.595,111.923
0,0,119.893,0.846922,55.9048,136.692,175.805,43.5696,156.171,24.2898,137.848,50.2514,7.09884,48.6325,177.967,151.985,135.857,177.438,96.8395,102.271,58.2291,124.779,215.188,170.236,102.178,150.21,89.947,90.092,173.226,184.488,57.8758,140.051,197.888,188.694,-3.0189,108.742,94.5887,116.307,67.8363,73.5356,166.374,93.2828,119.426,179.264,98.4857,219.369,122.303,191.411,102.397,115.591,46.6763,-16.0148,128.621,75.0406,144.496,120.429,76.6877,94.4891,20.7066,-24.8164,55.2988,-1.23747,53.7758,70.3886,216.892,230.345,118.026,123.695,107.6,38.9656,66.6355,175.585,100.298,131.57,187.606,145.858,130.343,151.036,84.3613,155.958,88.6395
0,0,105.088,1.06133,35.5585,40.1649,89.962,137.345,131.838,127.169,106.958,115.584,67.4002,33.0197,156.61,70.2815,122.952,76.401,90.0559,139.82,14.5918,98.5578,118.478,163.837,84.2758,115.715,62.1892,214.501,80.6479,96.8936,32.0721,77.4862,121.574,85.533,105.951,77.7118,5.8068,142.888,96.3801,82.2936,99.1049,172.116,100.24,76.8465,83.678,102.095,195.011,113.312,59.6457,65.7284,39.1204,141.998,134.204,82.9079,111.928,116.185,64.629,142.418,82.3766,112.025,120.876,127.7,109.518,158.59,150.807,104.065,166.967,75.3937,99.3073,50.6731,120.26,87.8446,111.619,136.736,82.1793,88.9512,167.521,101.006,71.3704,105.06,83.422
0,0,80.7981,2.23162,57.4076,-0.226172,2.88518,41.1754,99.1845,139.246,80.9838,90.3834,-4.29541,120.777,28.5942,-16.9558,-41.2901,71.6273,65.1999,47.9847,48.0544,25.5145,-37.6996,119.512,35.1314,-2.98333,130.112,153.832,61.9779,124.312,82.391,139.898,12.9312,104.427,60.0897,76.9269,-6.88955,134.653,160.394,-19.9398,-11.0198,153.484,242.36,62.8148,135.852,153.306,141.835,63.3199,85.4519,78.1001,125.353,74.1808,133.978,66.6932,49.8764,23.5736,38.9986,86.239,27.8502,40.0274,58.9243,115.849,98.2804,151.845,22.4978,64.0329,-32.2885,156.881,104.673,122.265,83.614,96.8035,152.867,104.551,109.53,175.855,100.406,114.558,256.413,83.1217,123.801
0,0,118.402,0.888697,6.86123,102.479,120.127,112.53,120.598,116.402,112.534,106.052,108.502,111.908,120.002,118.63,114.915,117.402,115.371,94.495,125.624,124.249,120.042,130.731,122.042,111.576,108.782,119.594,107.939,105.485,109.838,122.879,124.264,119.784,116.12,111.213,108.383,111.885,114.373,111.245,129.346,115.649,116.591,119.486,123.861,110.992,116.847,120.029,115.119,110.367,115.885,132.291,134.279,120.895,126.492,130.163,120.851,128.941,112.922,105.978,111.175,113.122,113.736,135.056,134.179,134.953,119.559,116,119.099,128.141,114.595,122.133,133.759,128.672,127.446,130.102,117.662,116.501,125.648,128.981,123.639
0,0,129.151,0.993023,44.7234,115.082,153.986,193.602,161.63,60.1095,115.562,205.968,90.9064,103.584,155.46,146.628,75.609,87.8484,125.201,66.1321,25.7926,170.796,103,101.945,188.884,92.9896,60.0592,125.371,83.9946,58.1399,145.81,127.776,84.4262,116.52,165.386,137.779,106.911,119.592,110.292,155.587,140.462,142.211,85.6916,81.4519,167.387,235.34,87.085,144.956,164.332,92.5536,107.584,120.479,128.734,106.214,137.71,169.831,151.573,111.633,111.538,185.842,97.7338,145.023,27.9072,22.6396,79.225,76.2764,130.299,54.7733,108.59,105.132,163.795,134.585,162.615,138.452,170.142,57.0277,85.9818,87.0095,183.44,156.723,159.048
0,0,111.728,4.63066,0.897886,78.9333,78.9197,80.567,81.3398,82.483,84.4846,84.4024,84.5538,85.885,85.7648,89.1447,88.9634,90.1378,93.1175,92.0737,94.7067,92.4958,93.8057,95.7151,96.623,98.7467,97.7085,100.133,100.168,101.01,101.796,103.024,104.13,106.1,104.515,106.855,109.389,108.809,109.237,111.237,111.668,112.885,114.128,115.45,116.353,115.287,117.576,117.609,118.092,120.446,120.925,121.696,122.106,123.782,122.817,124.141,127.165,130.378,126.767,128.282,130.308,133.111,132.195,132.913,133.529,135.756,136.323,138.135,137.647,138.54,139.574,139.01,141.288,140.364,141.075,142.813,145.385,146.276,148.234,148.924,149.339
0,0,62.7349,1.15496,17.6657,60.6263,38.4399,66.0704,43.9359,42.2975,34.7873,57.8855,33.3472,45.3931,59.2055,49.1757,31.1772,54.7768,45.8946,81.7961,57.6767,54.7509,60.9125,28.3471,65.9078,41.7608,76.2715,66.2176,78.7478,26.6844,46.2487,66.4133,66.7952,50.112,74.2092,73.0011,53.6313,69.6348,78.4246,80.7204,77.6592,75.3217,78.2365,43.039,108.394,82.7134,43.246,41.689,54.4101,70.027,77.037,74.7557,52.9905,44.6962,73.4141,60.8309,75.2786,88.1532,61.8029,67.9606,45.8807,79.719,68.0883,62.8797,50.7061,57.5493,48.0409,70.9682,84.2265,86.0078,76.8676,73.1372,52.2251,74.8305,69.519,72.9426,67.3061,80.7067,49.9413,91.7522,75.8017
0,0,128.232,0.209059,2.31106,130.276,128.646,128.834,125.989,129.322,130.546,128.174,126.261,128.72,127.334,124.959,125.684,123.454,127.222,128.285,128.117,128.498,129.224,127.46,127.449,127.122,127.832,128.314,124.461,123.198,125.323,132.375,128.706,132.051,126.431,129.49,127.471,131.272,131.593,129.048,129.376,127.846,126.382,127.332,132.166,131.148,124.684,133.019,128.449,130.429,127.588,130.505,127.145,129.671,125.926,126.553,128.255,124.993,129.65,129.186,132.75,128.656,129.308,130.092,129.33,129.353,130.02,127.92,134.063,125.095,132.866,130.938,130.309,128.208,130.08,131.425,130.336,130.784,128.093,128.019,125.61
0,0,132.261,1.52055,30.4662,148.481,117.705,107.551,140.533,133.918,85.8846,144.997,82.4901,156.166,137.905,163.944,102.285,149.986,126.944,110.323,57.4048,74.5139,123.624,123.156,130.844,122.926,88.4816,28.5473,164.498,139.572,156.366,114.402,124.273,157.237,147.931,139.372,127.11,229.686,136.138,107.132,146.761,128.583,124.315,53.8508,148.257,105.069,234.637,177.612,165.48,100.207,159.823,106.485,117.931,180.399,133.849,94.3579,129.442,166.818,139.696,179.655,136.397,171.441,105.487,120.585,161.734,176.692,96.0324,112.107,136.843,118.038,122.79,83.0953,138.38,177.473,121.46,137.766,175.754,138.879,129.046,81.4914,165.344
0,0,143.808,0.383943,49.0206,239.9,165.535,109.377,135.368,199.723,142.546,70.7666,173.582,154.386,97.2447,110.051,215.792,81.7399,81.5393,157.49,179.206,98.7689,198.564,200.427,123.201,126.772,115.734,142.912,88.54,137.646,111.658,117.234,62.5703,152.681,110.386,133.031,100.992,165.568,130.191,109.259,140.263,186.54,178.554,99.2955,18.8537,196.65,192.82,182.323,186.109,123.896,193.751,48.9811,94.3686,140.796,172.963,101.074,129.611,31.2612,142.898,129.233,107.936,202.235,116.022,70.4785,211.502,164.77,110.649,124.001,109.339,117.36,176.727,125.64,196.009,199.841,85.2054,147.924,101.264,138.521,190.855,148.91,213.885
0,0,105.976,1.76961,26.852,126.311,116.42,113.983,111.973,111.424,74.8719,117.047,102.036,41.3916,141.44,104.319,91.0615,52.095,111.018,81.3913,104.029,138.111,118.157,96.1845,118.378,60.9255,62.6544,98.2218,149.353,95.1686,99.8602,85.654,42.3723,163.148,118.65,84.3059,153.182,75.4377,116.432,88.3466,158.244,91.9286,103.618,123.455,143.219,130.883,127.218,101.43,148.528,81.8194,158.267,120.5,147.563,133.778,123.338,138.656,89.2437,87.3044,127.074,103.974,118.815,86.6316,91.0276,129.77,102.503,101.977,167.655,103.659,132.826,121.653,134.06,88.9905,122.291,82.8994,143.765,133.505,126.415,148.734,93.7076,115.022,77.8315
0,0,154.492,3.40759,19.978,127.423,127.881,159.827,127.036,122.622,127.159,160.652,77.5374,121.935,149.34,129.017,112.451,126.133,140.237,191.834,130.951,190.44,136.576,130.595,137.732,143.338,143.342,162.115,169.077,123.393,190.008,166.916,130.058,152.088,151.153,145.151,132.192,150.085,165.465,148.866,150.54,145.427,150.007,133.575,149.361,161.898,153.491,165.545,168.147,171.712,184.486,149.825,161.175,175.596,155.693,158.456,183.205,189.738,162.617,177.614,133.275,148.178,197.907,158.175,157.397,154.587,198.925,118.374,181.125,138.332,151.934,198.006,179.322,187.756,136.092,206.049,140.813,167.798,204.228,165.897,180.004
0,0,121.264,2.35025,34.3131,157.038,113.3,116.254,102.511,149.9,123.138,159.112,88.1533,104.753,103.059,121.661,72.3793,132.273,65.1144,120.621,143.204,98.1716,154.475,70.9168,104.471,154.428,148.728,109.413,90.2075,136.363,107.615,117.141,111.16,161.35,117.558,107.276,158.701,98.3703,128.94,126.437,184.939,130.956,111.072,143.19,152.289,153.035,110.528,96.2792,152.529,92.3481,100.325,100.798,105.971,176.274,153.525,133.963,117.999,108.551,106.234,35.9127,144.872,164.521,184.322,145.481,127.196,157.885,104.229,141.003,151.656,127.296,128.815,78.3894,156.252,130.269,134.298,155.495,134.301,145.116,125.356,159.7,149.165
0,0,132.847,1.19458,2.41803,122.251,122.086,120.636,121.857,121.567,125.193,128.488,127.317,124.771,126.267,127.309,125.567,127.215,125.833,127.233,128.755,127.975,132.264,126.627,132.225,128.418,126.077,129.434,134.358,130.453,128.318,130.459,127.024,128.806,129.559,130.885,132.28,130.811,128.332,131.49,135.379,137.105,133.421,133.922,133.664,135.503,128.338,135.529,137.586,132.083,136.214,138.541,137.42,129.135,138.986,136.177,132.802,137.349,135.428,138.147,138.846,144.982,134.71,138.91,135.732,138.626,139.305,139.818,141.1,138.3,141.083,136.771,141.132,138.689,139.059,138.022,144.481,142.833,142.679,141.691,143.739
0,0,87.5978,2.29163,33.4389,90.1338,6.09737,39.3415,70.2594,114.23,76.0356,111.941,70.7998,86.5855,45.936,73.0327,14.7982,103.308,70.8743,47.8797,57.3517,110.993,96.7853,138.86,45.4938,53.0787,145.334,129.712,91.3166,185.576,35.4246,89.9294,27.0851,62.8519,102.072,123.21,116.724,67.1274,120.79,73.468,42.098,138.24,91.9081,73.55,93.9741,44.9501,151.989,106.866,142.796,126.414,82.2932,113.587,102.449,43.4248,61.872,85.6792,30.8234,127.926,90.7756,106.8,127.49,58.5814,26.167,131.298,88.5816,75.1408,82.4663,114.965,152.495,95.754,84.9391,99.1079,88.8087,100.661,131.911,137.262,43.3493,104.248,156.872,175.315,46.8544
0,0,128.549,0.902818,5.05209,125.437,117.514,117.733,123.291,125.734,121.807,121.355,128.792,125.778,131.483,129.029,127.712,131.267,122.149,124.452,129.579,133.404,131.702,125.349,126.912,123.345,124.665,123.063,130.083,129.149,120.367,134.658,116.641,128.443,126.028,130.943,128.947,127.116,135.895,123.601,134.668,128.682,137.355,142.551,115.497,129.742,131.072,124.79,134.201,121.761,133.545,129.147,130.425,137.22,136.025,128.807,124.348,129.236,124.038,131.132,143.275,126.577,133.22,131.258,131.883,134.001,128.282,132.725,123.804,137.326,136.125,139.259,141.222,134.004,133.679,137.867,123.029,139.039,134.207,138.953,134.456
0,0,95.3996,0.528754,4.12424,89.4738,89.2843,93.1475,95.3534,95.3655,99.5368,95.0666,93.3626,95.6807,87.5437,99.1035,97.4494,95.2887,91.7673,92.3252,93.8537,92.8221,89.0061,93.8709,96.6207,91.821,96.3238,86.1523,99.2537,100.462,94.6083,88.4296,96.6056,91.9052,100.747,90.3134,97.6595,87.2815,98.3413,104.796,94.1512,91.3499,93.9374,97.4954,94.8586,90.7332,99.976,91.56,95.8421,101.45,101.076,94.7496,92.3333,91.035,98.9565,94.8015,97.0911,97.8901,92.699,97.6722,99.7267,93.8175,93.0512,99.557,96.0541,98.845,87.9836,106.157,98.4489,93.892,96.1044,105.507,98.2111,101.318,105.252,96.3636,97.5741,98.84,95.5864,102.123,106.997
0,0,99.9014,2.23077,22.2366,85.4214,99.93,95.1545,102.03,75.7631,76.5273,42.0026,103.671,88.1943,83.3114,43.6078,39.6816,126.205,96.5742,89.6845,109.108,99.2518,92.5808,52.8896,80.1857,94.9735,112.392,85.7793,109.882,94.5842,123.023,60.4883,100.334,104.492,109.165,40.3568,100.932,110.269,88.4922,91.037,96.3987,87.8228,105.718,101.289,107.879,73.0182,121.707,98.2927,98.5104,117.328,107.839,94.7408,117.474,93.1984,93.3404,148.35,107.856,129.57,85.8401,100.243,124.784,123.571,112.3,113.114,115.454,135.21,118.103,109.638,127.061,109.968,108.076,134.456,113.811,119.537,95.6336,95.9432,144.916,139.674,111.513,120.913,128.139
0,0,124.223,0.486719,47.3665,115.339,104.215,164.725,215.485,83.0063,123.326,96.1902,63.9484,156.579,104.522,94.3215,192.373,83.7415,135.826,140.685,120.663,110.245,191.891,175.678,98.9202,93.2218,132.495,108.341,96.5034,77.9871,169.905,34.6143,32.0139,147.176,171.165,21.4979,40.7824,61.9554,103.632,222.502,99.4007,96.1454,138.59,73.9312,143.763,111.17,148.293,125.889,95.8116,46.1115,57.0552,142.945,111.19,116.887,88.3587,102.165,142.271,137.731,86.3131,108.425,132.798,143.978,150.428,139.86,113.48,134.844,159.173,52.9615,223.685,156.607,196.626,90.4341,101.856,106.882,71.9471,55.145,195.436,85.6961,120.169,127.09,192.773
0,0,111.75,0.252461,30.3019,127.788,119.569,109.866,95.9161,62.8095,78.0842,135.614,61.0591,92.2818,122.289,97.5129,53.4812,119.896,65.7613,90.1965,123.263,62.0756,117.937,115.334,161.522,125.64,131.372,106.681,113.529,118.072,42.5755,76.4454,102.539,79.783,116.915,111.041,149.269,153.234,81.2562,126.231,103.646,136.116,135.357,101.299,112.412,115.313,89.9467,117.097,126.917,136.609,113.727,87.2585,165.449,151.031,120.155,142.153,82.4248,66.3669,126.818,49.011,116.696,118.714,88.1329,134.681,98.8159,21.1201,92.0948,85.2927,121.332,124.916,80.6659,136.526,180.162,81.3067,109.968,87.4695,159.805,133.101,148.093,161.662,87.0486
0,0,114.355,1.09444,4.73698,98.0381,107.979,113.721,106.777,104.788,109.195,114.545,105.278,104,116.693,113.228,105.521,107.799,115.198,107.919,107.428,113.092,106.27,114.894,117.707,110.372,107.244,107.61,110.619,115.034,113.284,111.971,113.971,123.613,109.314,119.255,111.053,122.85,119.706,114.647,110.308,115.341,113.933,112.405,109.917,112.789,111.029,114.638,119.794,118.237,113.422,124.64,120.628,116.842,119.793,120.838,113.071,119.225,111.498,121.574,120.074,119.324,124.879,115.598,125.689,121.112,124.659,123.905,119.547,122.589,108.203,123.23,120.555,131.839,121.321,125.285,127.217,129.919,117.406,123.396,114.881
0,0,114.286,4.30631,64.5143,186.752,130.668,163.913,78.5903,67.6455,85.7309,123.452,24.3404,83.2252,62.3224,59.2168,47.834,119.597,80.7377,161.675,106.417,80.4908,157.394,76.8368,188.873,96.6982,156.593,75.7861,127.271,41.763,3.92043,92.2819,127.25,66.9653,102.026,67.5203,142.388,84.1648,167.229,112.744,110.938,175.739,-8.92514,227.516,156.789,237.98,214.419,236.291,188.975,164.504,139.548,147.037,266.421,104.163,118.822,61.375,120.085,150.348,53.1409,221.367,63.0239,79.3319,201.466,215.074,124.616,105.494,32.3964,88.7006,50.4171,175.11,135.561,122.798,162.215,133.072,140.803,39.5615,202.981,105.757,166.157,83.9049,230.085
0,0,106.306,1.72222,14.2231,115.82,109.188,76.5408,89.4273,103.701,103.879,90.6862,124.707,123.743,98.5723,110.508,69.0876,89.4787,98.0198,120.936,108.052,107.667,85.5955,87.8938,111.59,85.5852,106.599,117.587,87.7609,83.1111,114.303,93.5578,90.8045,91.8868,87.6911,108.707,113.302,125.592,122.717,95.0098,129.046,127.184,107.411,109.355,129.196,129.608,93.8284,123.25,113.485,91.448,98.8038,92.033,73.9101,118.724,96.6396,125.221,101.537,112.896,96.6931,126.02,110.57,119.752,112.205,106.324,121.578,117.84,129.899,111.326,128.568,131.827,124.661,113.234,130.013,90.7714,121.076,88.5615,108.374,121.045,120.389,103.696,143.419
0,0,104.962,0.371809,99.3857,33.7384,22.9527,66.5462,-35.8651,104.222,159.218,310.736,-44.4389,98.9739,57.7408,217.103,133.752,254.417,142.229,17.0388,123.566,-101.171,158.922,-5.11853,99.4762,145.01,145.327,128.608,295.458,-66.4385,179.456,-50.4599,68.7297,-69.6574,90.7985,168.76,35.5408,189.954,-9.49955,-25.1082,167.285,-90.6813,103.664,55.0995,142.271,175.999,125.165,141.948,-36.4598,81.7533,147.469,56.4891,52.0188,264.977,-10.691,193.599,200.434,259.426,65.3743,62.4059,-10.752,134.163,110.678,4.50672,54.2695,134.073,224.675,8.86026,-39.7649,-0.0682484,233.982,183.777,-72.4356,160.032,109.4,103.932,-78.6727,1.71125,-61.5775,51.9161,177.91
0,0,95.7431,0.324778,10.2262,77.6549,91.1793,101.415,85.7448,87.3237,95.9159,100.841,86.2738,97.5279,78.9158,104.724,94.6683,85.5281,92.8738,82.0972,92.6122,113.772,110.094,104.094,100.769,94.3491,80.2618,80.0413,95.4876,97.6988,98.5905,95.0066,107.124,94.4752,99.7273,98.7826,78.1598,86.3716,89.9143,98.6063,101.298,108.358,84.2541,97.539,82.7153,103.462,93.8716,102.608,94.8717,99.0665,98.0816,82.1315,83.9317,96.4904,94.0137,96.3095,96.1217,110.029,96.4908,92.0757,89.5062,90.1078,84.2871,86.218,93.7364,107.296,103.874,81.074,84.7771,86.7179,90.5057,110.379,109.318,85.0351,107.155,97.6508,82.787,102.247,98.8615,94.2429,91.2159
0,0,95.0565,1.35677,93.2184,164.432,82.9886,90.5551,0.519051,141.394,115.008,54.9734,177.623,137.308,232.159,179.201,131.698,226.433,40.0072,97.2572,83.6154,45.0341,-19.2969,207.941,-3.42861,-35.1652,-14.3651,37.5822,73.5084,140.919,16.2673,-35.6755,-91.3417,32.1607,66.4199,109.699,127.71,-34.735,-5.91005,-45.9369,289.143,134.379,131.995,72.7926,104.022,36.3594,323.926,138.044,195.394,-12.3357,388.589,234.864,118.042,117.798,50.6282,167.713,241.462,41.0622,112.441,54.2521,-80.3296,130.299,113.22,116.839,88.4562,125.58,233.446,291.111,57.7221,328.191,282.641,53.0731,95.8066,4.1038,-45.0068,16.8395,-70.8967,205.701,90.8767,73.5852,86.0921
0,0,88.7139,0.409255,1.95633,87.5774,84.8969,86.2985,88.2367,85.439,85.6401,84.64,91.2084,86.1082,83.8333,84.605,88.4862,89.086,88.3289,85.6776,86.5024,89.158,87.5152,87.2866,88.1553,87.0581,85.877,87.1378,90.1152,87.2032,88.7607,85.6658,86.4428,84.3676,90.1699,85.4126,88.9509,88.2298,89.9782,90.2925,90.0307,89.7627,88.2944,87.1008,89.1888,89.1423,86.7406,87.3237,91.0457,86.3601,88.8528,93.0236,88.8628,90.7377,92.3637,89.2042,87.248,94.2196,90.5555,94.2596,92.7536,87.4612,90.1633,91.2671,90.168,95.1874,88.6345,92.5304,88.8866,90.3922,87.8652,89.8935,91.4717,91.703,94.0753,94.1335,96.2535,92.4458,92.5217,95.1116,91.473
0,0,139.218,1.05842,9.33891,134.573,118.659,142.209,119.933,129.761,138.255,126.819,128.97,143.084,122.964,132.197,132.49,118.141,126.513,140.747,145.47,127.543,157.47,126.027,121.505,125.429,136.995,131.019,144.741,144.917,137.032,136.517,130.699,157.074,132.138,118.979,166.131,142.237,142.556,139.621,144.451,155.518,144.072,126.873,150.202,154.388,146.688,141.07,134.681,139.922,140.673,150.868,158.673,137.856,159.693,140.615,133.481,145.04,131.163,156.147,154.795,135.449,140.753,130.625,150.472,142.511,138.972,137.896,150.891,139.372,165.944,150.248,151.112,157.599,136.589,132.515,132.978,164.905,144.624,151.703,134.876
0,0,109.77,0.296273,15.1109,104.806,104.916,124.221,98.0022,106.333,92.3586,118.752,106.073,98.9417,138.706,116.677,121.285,88.6624,114.835,124.937,88.3711,98.0082,115.773,108.519,115.343,92.2888,106.725,111.25,85.0312,108.323,86.7017,106.184,73.4954,114.878,110.823,105.971,119.628,112.881,123.251,114.132,107.636,116.314,92.155,118.762,108.219,121.723,103.402,86.6334,144.252,105.056,107.076,115.123,95.1287,102.067,105.814,92.6625,111.805,140.307,142.723,125.827,83.85,117.39,108.712,135.958,132.201,138.637,120.956,124.062,102.398,121.879,125.898,92.4499,94.318,99.6783,117.747,117.284,105.613,84.4529,110.75,110.261,115.646
0,0,115.707,1.64806,10.0002,95.1811,95.0581,106.823,91.4566,101.91,107.211,110.959,99.6317,119.286,97.4814,102.255,106.931,98.1643,98.4256,105.551,102.219,110.573,112.074,107.127,101.127,113.15,110.372,103.201,98.9725,109.274,105.973,99.312,119.509,108.008,107.541,101.71,112.967,109.946,118.563,122.461,112.727,130.055,117.863,120.166,115.838,106.716,112.768,128.043,116.796,109.632,114.402,120.612,124.469,136.401,117.674,116.552,118.608,121.722,116.913,119.761,113.032,127.832,128.226,126.69,120.728,139.482,122.034,138.916,120.239,134.622,137.97,131.003,110.643,116.279,132.334,109.812,119.991,121.816,131.925,110.547,145.049
0,0,86.8914,0.463104,16.6161,73.3199,86.0334,95.8834,99.3513,101.389,113.048,121.066,107.917,68.8633,81.1138,86.8564,94.8709,52.6662,62.5815,73.7041,74.6128,61.7524,91.3316,61.5386,70.2161,102.631,82.0599,84.0594,99.5677,72.0825,86.0438,117.335,81.7185,119.086,88.5587,99.2853,87.3208,84.0373,97.7717,97.141,69.0537,80.5262,97.1478,71.5413,93.746,65.9452,95.167,115.418,92.6207,81.7319,77.307,94.0288,69.0613,79.7819,71.1017,70.2504,94.0119,90.2174,121.179,87.1338,120.53,75.8648,97.6423,91.076,113.175,73.2237,106.961,91.0612,97.5409,108.578,86.0005,81.1834,87.0579,76.2677,111.83,82.7561,106.287,87.0261,105.204,102.268,81.3678
0,0,88.2729,1.3103,3.34026,79.7733,78.7674,75.918,76.5462,80.4277,81.6153,81.9092,80.6582,80.7293,75.5867,79.9971,81.0893,80.5712,84.0627,82.8476,75.759,83.5361,81.8633,78.0873,85.3119,78.7768,83.4255,83.5816,86.7293,85.6051,79.3109,90.7223,85.1139,83.5261,84.4967,91.9906,87.345,82.9792,89.2655,80.6847,93.6871,97.7723,90.0721,86.9065,84.7634,91.0005,90.2613,90.2276,87.3714,87.8898,92.5065,88.2426,92.1743,100.743,90.2343,92.3581,96.2191,95.0817,92.8536,90.8185,95.0624,97.1843,92.6529,94.3699,96.4277,100.936,91.499,91.398,94.7732,98.0547,96.7116,92.1001,95.7719,98.1085,100.736,92.0838,97.8655,97.3987,99.808,93.4609,96.6618
0,0,80.1446,0.866937,30.6564,85.3732,74.805,95.6496,19.1674,63.8302,77.1846,17.5407,78.0468,101.503,101.266,99.8357,96.2077,57.3354,126.481,118.419,69.726,81.1475,79.7424,71.3671,43.7703,105.206,82.4984,76.9539,72.6839,78.9692,91.8964,110.296,82.3111,56.329,108.641,63.8903,97.0766,81.0791,130.711,101.95,96.8261,91.2551,77.9607,99.9384,46.3778,112.159,63.8749,51.9342,83.2552,55.3475,122.736,94.7236,119.887,31.0658,88.6085,85.0624,95.1422,53.5386,70.4656,51.6737,89.2587,66.7402,105.43,143.4,66.9726,72.1212,118.721,79.1258,63.3914,73.4173,111.903,102.065,93.3619,113.958,67.3815,99.6232,104.18,70.9215,81.6071,62.7197,91.4087
0,0,65.0759,4.45838,1.43131,33.2456,35.9365,37.3172,36.0763,37.3082,37.6526,40.9591,40.1302,40.6471,41.0401,44.4187,43.2895,47.4357,46.5158,46.7381,43.1678,46.0345,48.632,48.201,46.8227,51.7932,53.8488,53.4275,54.1012,53.1925,55.4836,58.3308,58.0605,57.8714,58.9688,61.272,59.9557,63.1747,62.5927,61.8693,64.4242,65.067,66.0557,70.2008,69.3329,68.9146,71.8421,71.1783,72.2514,73.4207,74.1834,75.9109,74.6243,76.5589,79.2171,78.6729,76.3352,81.0745,81.6196,81.7257,83.6305,83.4378,84.2278,83.9031,88.7078,88.1249,87.3363,88.1522,89.36,93.4252,88.8457,88.3833,93.5218,95.4545,97.3655,94.6472,96.4264,100.118,98.0621,98.7512,100.543
0,0,112.938,1.13071,93.7119,70.2539,97.2138,201.44,112.689,239.128,193.585,6.18968,48.0631,217.166,81.7971,160.088,-24.5599,135.265,144.756,153.133,1.73833,165.785,155.851,63.809,113.255,73.5885,2.3961,39.1726,25.8904,165.263,98.5275,187.656,-55.9411,174.448,191.042,212.25,6.83006,131.698,135.633,87.3727,191.316,83.9812,93.0797,169.202,105.696,26.2839,240.523,118.482,168.759,71.7419,70.3514,208.405,202.571,34.1636,54.6988,-114.364,119.815,94.6151,244.366,11.9837,-26.8882,17.8391,98.0815,76.5779,66.9931,236.389,154.589,262.474,-27.6932,219.245,292.854,127.916,120.969,42.5448,150.403,69.4831,77.5256,-62.5953,221.19,154.068,138.928
0,0,108.701,8.79568,25.3493,60.4142,50.7257,19.536,63.7274,13.0983,28.9699,103.477,61.7023,17.1836,81.9772,43.7644,22.5495,99.3002,70.0876,62.3468,34.8063,38.1753,58.662,111.329,95.4968,93.9757,83.772,103.712,115.886,54.6698,55.1508,28.7876,75.5178,106.262,66.481,61.8079,78.07,127.973,122.18,151.378,140.207,112.551,117.768,114.103,89.1566,112.239,132.347,115.375,130.345,118.128,138.9,137.377,150.844,133.583,67.7742,104.947,128.418,167.434,129.495,147.657,97.3397,118.658,146.16,148.787,133.766,153.826,139.452,176.648,175.974,142.962,124.698,191.105,200.464,148.438,160.854,174.8,213.103,173.496,210.917,200.45,182.195
0,0,90.0192,0.707718,32.0327,56.9393,99.3605,107.185,80.6794,126.519,20.7039,49.9574,74.1411,118.037,82.4884,92.5901,145.017,141.641,82.648,122.461,81.2676,53.3807,64.4691,74.6584,74.1634,91.6753,71.1418,84.5419,121.613,138.119,80.7401,118.689,107.913,111.914,96.601,60.2217,63.3317,66.2444,64.5253,108.276,80.7631,70.1847,96.2521,-6.7396,149.824,104.48,88.3173,97.5089,116.459,32.7839,71.2445,164.177,98.9189,89.3738,44.6601,118.214,138.871,56.0529,66.2918,89.1634,67.8335,80.3685,76.7731,122.379,99.7214,142.234,78.086,84.9448,113.807,69.3317,81.9661,46.5447,115.336,49.1284,68.2956,83.2008,101.282,75.1964,49.3276,95.6931,100.822
0,0,95.6836,6.00274,2.29827,53.6025,57.3475,56.6162,57.1828,59.3005,60.5998,64.8996,59.5909,61.488,63.0498,66.7063,69.1059,69.266,68.7438,70.2629,72.2748,71.893,72.9096,76.2353,75.0226,77.5594,80.5252,75.1523,81.3525,79.7645,82.7011,85.1558,83.2025,88.9838,88.7224,91.0578,94.515,93.1602,91.9145,90.0388,94.6815,95.4374,100.658,95.5311,96.8083,95.9534,99.4913,101.793,104.467,107.568,109.379,107.948,111.038,107.541,110.637,116.647,115.519,114.278,119.044,121.225,115.425,121.01,120.204,123.606,127.726,124.395,126.668,127.509,127.12,129.831,127.271,131.461,136.137,135.522,137.37,135.52,140.218,144.643,138.596,140.029,144.612
0,0,92.2696,0.13235,14.4129,98.5564,77.6125,80.3318,91.9796,93.4107,92.9588,105.495,104.144,92.0656,88.7078,75.6847,65.2275,81.126,100.023,99.979,83.9515,69.3475,91.7673,106.853,97.4015,81.5457,99.1815,108.635,70.1997,88.0183,102.644,103.79,83.1605,85.5623,118.769,71.5764,106.562,96.8819,90.7314,66.6086,95.1022,83.0425,73.3345,108.864,92.9854,97.3825,100.459,77.3422,108.966,78.1546,106.32,96.2292,107.514,91.9071,101.524,80.2858,88.131,98.2864,94.1688,100.379,111.171,100.36,105.64,102.153,99.5589,83.0939,99.4836,80.6492,90.3633,78.1972,119.312,98.2537,89.9198,116.855,71.9005,115.804,73.4933,85.9007,65.863,108.588,101.363
0,0,108.616,0.532582,7.03593,95.089,102.118,108.698,100.776,109.612,106.708,110.201,98.2356,109.141,112.712,108.683,101.608,108.573,107.136,94.9636,114.539,120.871,102.953,113.412,102.803,118.086,120.08,102.11,104.93,108.503,103.077,110.537,109.005,106.735,108.376,110.694,98.9905,100.937,107.4,107.847,98.3285,104.918,100.091,105.605,110.726,101.171,97.4428,96.4194,106.401,96.8448,111.727,97.3803,97.8474,110.148,110.243,101.031,104.675,120.058,120.711,103.329,116.699,114.855,97.0999,120.622,120.38,112.423,100.873,104.346,106.561,116.179,110.593,109.127,115.18,90.0523,116.201,115.744,122.97,119.831,119.741,130.193,107.974
0,0,157.896,0.242586,19.2451,126.888,165.898,181.64,165.529,165.35,143.269,162.619,166.231,163.454,151.585,144.344,116.133,149.043,155.122,139.991,199.219,158.6,168.758,159.62,167.183,172.851,146.497,155.186,164.607,206.904,177.821,168.829,151.702,218.645,191.172,163.761,153.119,162.039,170.78,171.996,141.325,168.845,158.834,157.511,148.923,182.595,139.744,178.604,130.619,159.645,176.449,169.622,125.577,172.834,183.99,156.161,134.151,157.804,145.338,150.642,186.314,153.311,163.493,136.074,158.177,137.722,151.808,199.715,174.597,148.572,134.947,132.282,128.521,162.446,140.212,158.184,170.772,190.361,176.406,187.467,168.809
0,0,89.9726,0.78757,11.7286,76.7662,85.6359,83.8852,67.9895,71.6805,74.668,82.8299,89.6119,89.4042,102.027,103.966,93.9312,86.2441,88.1903,94.3618,90.8535,80.152,100.49,85.6475,80.0536,82.2574,89.1438,72.0926,76.254,94.6288,103.905,78.844,70.0908,104.602,85.0236,82.5706,99.0112,77.9543,105.801,93.3667,85.3906,107.906,77.6234,91.7164,77.8585,72.6091,102.091,62.1651,107.051,108.904,92.282,126.775,95.4107,106.022,85.409,85.1474,86.1287,94.308,89.5007,86.5914,99.5524,93.471,84.6395,79.1086,90.9143,120.457,68.517,92.3614,73.8212,98.5187,115.059,126.393,114.721,106.491,87.055,63.2979,89.6554,109.747,86.4483,106.487,92.8681
0,0,116.181,0.645934,7.90293,98.4285,116.589,126.241,113.785,98.2307,106.229,112.015,129.048,125.288,117.683,111.373,117.573,106.721,115.255,96.3763,106.684,108.454,115.78,112.599,113.008,121.457,113.597,119.584,118.226,113.196,119.182,120.243,113.28,115.235,129.196,101.908,117.173,134.982,124.693,116.469,120.011,133.823,129.668,111.889,119.57,112.257,118.685,118.92,110.162,125.971,113.243,99.6709,116.757,120.669,116.26,110.719,119.731,109.287,110.439,111.333,116.909,117.482,114.341,122.068,99.929,115.131,116.142,118.756,116.535,110.164,121.93,123.909,116.669,125.213,124.527,113.649,110.811,120.448,127.358,131.475,130.886
0,0,96.5719,0.216463,52.7965,120.755,91.8068,110.748,54.0544,109.869,121.221,45.0619,96.4724,0.786981,102.053,120.772,22.5974,141.169,92.9108,71.683,69.5539,73.0165,162.706,32.4158,45.6836,67.9569,92.3647,95.037,52.2461,100.57,153.729,56.2897,126.9,161.016,128.777,131.14,55.0884,146.448,129.527,128.557,57.287,102.826,83.8674,110.31,180.751,4.77535,96.0492,30.5251,144.735,114.596,164.111,83.7168,76.7115,73.1439,75.8122,116.589,179.824,126.725,126.088,70.6702,112.941,97.0544,65.0585,68.7524,119.379,142.092,166.972,175.989,86.5345,38.6123,130.39,249.064,58.119,141.018,147.85,171.183,47.0881,130.236,27.4577,92.2399,59.1024
0,0,112.344,0.605443,32.1634,93.3907,75.79,131.432,89.3412,76.3031,67.5049,143.696,52.9067,67.7584,86.6297,77.3243,75.6151,157.915,50.4884,151.125,106.476,88.5474,107.029,95.2843,135.508,142.784,86.8141,114.758,110.808,127.452,193.664,106.971,110.178,88.8254,95.8403,134.832,93.1964,120.197,128.112,98.2104,45.8643,141.585,57.2285,154.703,128.361,107.414,118.268,111.143,112.237,126.788,74.4911,127.158,107.686,93.252,109.036,80.1084,74.3622,157.733,153.61,142.915,95.4645,141.749,157.981,161.352,159.816,118.312,112.709,120.135,145.648,134.729,168.757,109.513,132.606,110.672,113.669,130.341,71.7237,122.009,123.175,156.804,198.208
0,0,70.3612,0.462418,11.373,84.776,57.4942,72.2694,64.3817,76.4685,64.6925,66.1459,77.4523,66.4341,73.5399,46.4015,106.861,68.6747,66.3009,52.7348,75.2193,68.4117,89.4504,71.2925,78.9189,43.2359,46.0825,82.6902,79.6978,51.7476,68.4235,70.6837,69.9251,68.4524,76.1829,69.381,73.7588,67.1573,72.9122,62.4071,58.3474,44.0616,45.2595,68.645,98.0939,80.2492,54.3023,69.0708,74.4615,66.4189,93.6559,89.4499,63.4537,77.7722,58.8618,86.3806,90.5915,63.0797,84.4288,71.2649,65.9451,78.4445,65.5637,67.5485,75.4137,56.1055,57.1179,63.133,55.4209,80.7595,69.1042,87.3791,52.5782,79.7438,90.7466,58.2104,81.2381,88.5774,79.3331,76.2029,85.7597
0,0,85.319,1.08991,24.9212,74.5223,42.1858,122.687,11.2548,60.3022,70.3658,70.0692,97.3431,81.1344,134.845,70.0843,75.8994,139.655,57.2784,92.4362,92.8579,110.281,50.9966,99.7252,68.6996,93.549,72.187,85.9734,87.2347,97.9445,107.208,133.824,127.436,94.8974,70.6487,102.119,57.093,90.128,57.2727,46.9392,116.128,94.4676,114.152,75.6873,118.02,96.9715,49.3221,68.5548,67.3197,48.7336,144.236,91.9439,108.486,132.885,129.664,95.7216,83.4556,96.7152,80.7336,94.5662,89.6414,86.0611,69.221,64.1391,83.9227,127.021,119.434,117.812,35.5066,78.508,94.8439,74.6345,87.0727,45.8552,129.426,106.467,65.1914,70.0303,91.8404,98.2781,82.107
0,0,111.527,1.21694,4.04063,101.436,104.074,102,109.543,102.747,100.326,106.913,108.747,104.659,105.121,105.804,111.992,106.583,100.795,106.662,107.346,108.782,110.877,105.997,109.266,105.27,109.496,108.486,110.246,106.376,104.48,107.749,113.355,111.562,109.539,111.047,107.395,112.112,108.663,113.727,114.473,112.599,116.149,118.802,112.701,109.99,108.554,114.342,116.172,119.304,114.968,114.385,109.814,115.357,109.853,114.335,118.141,119.94,117.867,119.544,117.725,120.603,128.141,119.889,113.668,123.243,124.707,123.462,126.692,120.554,117.207,121.713,123.479,121.097,116.983,119.228,125.67,122.908,124.85,120.742,113.814
0,0,100.116,0.32438,20.3435,82.1401,94.5835,114.648,94.0927,121.407,122.675,96.3255,78.6748,73.1251,119.988,109.885,112.99,110.683,122.497,59.284,131.994,97.8031,110.921,88.625,105.985,127.702,87.8178,100.501,112.863,85.818,113.397,121.619,86.5385,102.579,158.238,100.484,97.4907,107.548,102.181,108.549,104.748,74.8332,109.024,117.129,128.25,100.268,93.2272,98.8934,87.9619,106.18,74.4264,113.256,83.3266,114.137,116.567,90.8674,74.3299,114.937,104.335,95.5479,141.079,95.2976,116.527,90.8951,83.3589,89.2433,89.5501,93.1805,85.3614,100.175,109.745,123.88,108.995,90.8524,118.095,118.958,90.6227,115.292,118.163,119.816,128.239
0,0,87.2183,0.887024,5.98069,74.9898,85.798,90.5475,74.6854,90.6639,73.6489,91.4096,80.2287,85.0528,77.9991,84.9646,93.1065,87.9853,86.8053,89.8788,74.9823,82.9275,82.8344,87.2994,88.4276,81.7387,84.8936,96.5769,89.2236,88.4262,90.4578,88.9097,84.5303,97.5881,92.3339,86.5375,91.9479,82.9244,79.137,81.8624,93.4782,87.9798,90.6526,96.3208,90.5518,89.4995,90.8952,92.8178,89.8338,86.7456,89.3195,93.735,77.9321,93.1073,90.665,98.4908,91.6122,86.8985,91.8155,83.4861,84.7192,92.5959,95.2972,88.3187,88.335,90.4123,98.0245,89.228,92.3531,84.6889,94.1204,97.5539,83.4504,100.798,98.3649,92.8424,97.5262,87.3639,97.9573,102.302,98.9763
0,0,134.531,0.610558,0.0226227,130.244,130.419,130.465,130.591,130.763,130.845,130.977,131.134,131.219,131.336,131.449,131.636,131.687,131.811,131.939,132.083,132.195,132.329,132.44,132.563,132.675,132.81,132.934,133.018,133.222,133.309,133.451,133.563,133.626,133.789,133.904,134.015,134.171,134.249,134.409,134.508,134.639,134.762,134.886,135.023,135.151,135.224,135.39,135.511,135.566,135.756,135.825,135.952,136.098,136.192,136.384,136.453,136.581,136.714,136.86,136.965,137.066,137.232,137.342,137.481,137.577,137.647,137.841,137.915,138.044,138.112,138.247,138.398,138.563,138.687,138.806,138.901,139.039,139.177,139.296,139.399
0,0,114.165,5.94884,59.9811,16.2167,111.416,49.4515,21.1572,58.4689,72.1815,120.483,54.8673,166.647,-29.3642,83.5719,51.8885,174.164,130.502,141.606,50.4102,107.568,60.2718,138.397,103.983,-40.2405,147.538,124.262,190.934,37.8621,205.678,5.65486,66.9328,111.855,142.481,68.0338,142.182,132.34,97.7899,53.2674,85.736,202.796,-1.83027,184.064,174.462,72.3559,70.9234,108.963,7.05799,116.991,202.402,231.521,220.141,50.3322,163.111,195.694,165.09,187.101,113.065,157.018,81.9595,135.604,155.155,282.159,144.448,211.222,179.537,132.848,128.286,222.306,67.3059,191.455,129.419,302.6,201.935,137.82,159.341,262.884,206.479,130.132,189.581
0,0,110.417,0.748623,60.1456,180.296,-11.933,97.7695,136.911,61.5892,-120.654,186.567,97.0859,93.43,51.6006,146.674,226.928,155.352,92.0261,47.2689,175.012,35.3191,112.855,61.2023,133.837,44.5006,154.709,184.986,77.8725,223.183,91.3275,95.5431,120.007,172.829,-21.0856,44.1466,172.538,92.308,159.809,62.3928,114.234,102.541,103.998,87.5944,50.2909,105.239,150.24,135.332,55.8022,144.632,187.709,75.2767,84.3669,50.1669,99.6352,121.888,180.315,65.9562,59.3293,50.487,91.1071,216.404,123.569,135.341,10.0319,119.734,112.481,81.1053,143.375,36.5613,87.781,48.9524,120.46,138.359,54.6017,103.536,135.744,158.291,164.011,77.3318,53.6016
0,0,97.7958,4.67469,12.2336,73.7757,74.7412,78.3159,80.0392,75.1096,69.5965,51.9581,79.558,62.961,73.4023,88.9441,69.5855,49.9183,92.8629,87.6913,92.9898,71.0469,51.6747,95.5979,98.1184,80.1415,65.4478,81.8754,80.387,65.4338,88.5564,107.218,106.529,77.7513,91.1496,104.139,98.2761,83.0002,105.992,93.0575,94.3622,103.511,102.068,104.968,112.431,90.4207,84.1525,112.978,100.533,95.8927,104.561,108.859,117.879,119.984,114.685,135.579,110.608,93.3032,103.994,100.862,112.416,119.861,110.769,127.429,111.418,106.016,123.054,126.71,115.813,118.202,134.265,151.84,114.555,111.309,110.827,131.396,135.129,125.002,134.733,122.47,145.163
0,0,100.39,0.947278,1.71105,93.2187,92.0677,91.9421,95.2516,96.4413,96.9757,96.0405,98.139,92.9283,97.306,95.0951,94.3238,97.7829,95.5003,98.3452,96.4621,95.7995,97.6845,96.5561,96.1343,102.009,96.1486,98.7245,101.083,97.6627,97.0932,101.187,98.6112,99.2135,98.2917,97.8446,98.4315,97.2556,99.722,101.926,99.7042,101.54,102.069,101.636,100.512,101.805,101.599,103.393,101.11,103.638,101.837,99.7607,106.15,102.481,106.575,104.67,103.554,106.49,101.904,106.715,107.976,105.792,102.558,105.135,104.976,105.602,104.449,102.561,108.124,106.623,104.362,106.059,107.522,106.435,103.693,105.302,107.989,106.25,109.569,107.446,107.692
0,0,100.244,1.09664,20.3778,94.4733,106.793,100.772,79.0472,121.508,44.7653,89.185,69.9133,82.023,104.716,122.334,117.39,95.3635,120.823,100.124,94.8257,53.2206,116.134,114.282,88.6117,91.234,90.2129,88.4053,112.348,82.145,92.7605,93.4703,84.6353,113.662,112.68,103.34,82.8919,129.557,132.561,127.593,75.4643,101.896,91.4336,130.637,135.511,124.537,87.3038,68.0883,97.9622,139.526,106.299,128.367,73.2093,113.53,71.495,138.363,112.39,138.442,93.0555,97.2792,84.777,115.229,101.038,113.746,118.704,97.5068,112.744,95.2786,151.294,117.25,111.381,129.277,83.6957,126.153,127.126,88.6969,101.562,105.264,125.485,106.807,111.706
0,0,112.471,0.290075,22.3788,113.87,113.058,120.296,109.257,115.088,113.652,122.125,106.802,95.6508,88.4791,86.347,103.81,98.0029,156.427,164.111,109.083,112.715,116.216,122.292,122.693,129.873,79.1334,132.155,161.626,92.2072,108.994,150.255,136.944,48.5527,114.274,161.344,167.054,143.841,118.133,173.451,149.249,90.0572,127.723,128.549,129.851,71.2394,63.2196,110.162,148.726,112.185,128.908,145.445,128.67,142.842,89.5458,117.968,117.836,93.1946,117.633,114.167,121.078,115.075,51.3075,138.381,117.517,151.609,97.9295,110.117,101.708,110.312,112.581,93.0383,139.056,104.357,115.382,140.855,127.743,138.476,110.687,137.548,127.387
0,0,84.1616,1.29172,6.61602,89.7793,68.4814,76.132,81.9902,66.094,80.4344,72.2135,77.7355,67.9324,72.8332,71.5634,77.8127,80.9662,77.9819,65.1893,100.65,78.336,65.582,73.814,76.65,85.8815,78.1321,89.9466,68.1505,85.9428,85.3073,87.8473,81.9128,86.8149,67.3957,73.7163,75.9004,72.2012,77.7846,73.7082,77.4288,74.2062,85.3292,75.968,91.0224,92.1539,84.7043,91.4201,76.0352,80.8169,92.521,94.3565,86.203,95.2608,86.1148,86.1012,90.9964,85.9131,88.3224,87.0669,90.6736,89.2661,89.0919,89.1608,106.954,90.9173,102.772,90.7313,81.8019,83.4186,94.885,89.3914,96.0992,78.5208,103.038,91.6624,93.9347,90.5833,84.2626,86.5613,86.1149
0,0,91.6784,0.480223,24.1172,116.151,130.244,95.0552,53.6809,65.9472,74.4247,111.814,94.6385,80.0009,69.5986,129.646,99.4909,92.0761,125.311,75.3604,99.8657,127.074,83.7154,74.6306,106.213,75.8986,119.791,81.7716,102.307,138.923,127.68,76.6662,98.5269,74.7206,99.7963,54.2102,60.5409,85.0175,78.2322,107.195,108.269,104.944,85.1565,111.682,110.489,95.0523,126.624,99.1927,54.9451,82.0856,103.387,63.9188,83.3618,69.8734,77.8389,86.0177,104.409,103.205,95.5877,68.672,81.4498,66.4429,103.751,77.4298,123.614,108.444,83.0543,126.869,141.628,138.686,104.673,131.034,121.181,49.8789,93.0093,81.2864,137.946,85.4169,84.8789,104.986,61.7062
0,0,100.859,0.985309,63.5116,124.996,229.827,97.5636,73.8406,88.5459,44.8276,62.2224,30.7875,124.605,117.035,101.937,101.071,122.538,79.8273,-42.6032,54.1588,131.515,39.1213,39.4867,99.0055,132.359,-27.9008,51.9647,-21.4884,212.946,-25.2867,-2.37666,147.15,44.3223,78.5666,90.5139,61.9663,64.9421,222.767,143.571,26.5131,57.7288,7.67866,59.7745,121.259,42.0938,95.0607,44.691,133.297,107.579,185.642,141.068,-62.7863,63.2917,32.2557,160.817,68.3674,122.502,43.8993,105.335,81.1447,99.0979,54.0252,20.5618,77.367,38.1891,101.748,37.8345,108.734,64.7937,112.005,0.887586,107.047,139.19,-18.005,6.79007,16.102,181.147,186.924,84.0092,98.8237
0,0,99.4304,0.220187,7.82449,94.6606,95.226,104.671,86.4428,106.054,94.8619,90.7493,100.405,101.133,100.049,110.47,101.151,88.8243,96.7543,110.444,100.734,102.97,90.4587,97.5005,92.1356,99.6142,113.889,90.3671,96.3423,106.146,107.731,98.1539,88.9936,105.409,107.319,94.3997,101.812,85.493,99.4714,95.5479,98.5609,94.7532,88.6829,106.62,101.096,95.6928,104.268,100.592,107.401,99.3331,101.034,96.8907,111.937,106.716,100.884,116.052,99.8361,100.514,96.7532,102.926,92.616,95.2351,100.37,102.89,91.8023,98.7164,104.351,101.452,94.2845,93.9453,106.814,105.567,105.558,98.7217,94.5155,114.522,89.7098,105.314,88.8156,110.851,100.806
0,0,84.853,0.338732,3.93226,79.2358,79.9726,82.9391,89.3642,77.3303,83.2694,85.6867,81.6224,78.9737,89.384,79.6161,79.6778,79.7487,76.9259,87.4398,80.7117,91.6183,91.4119,81.4893,76.6966,88.0092,85.1911,83.3848,90.3477,82.0829,79.9369,86.1995,87.5168,79.9,76.7413,85.2896,83.7993,81.8409,76.422,90.8329,84.5918,87.3681,95.251,85.3249,82.7494,86.4935,84.3933,86.7445,81.9013,80.2911,81.0127,84.5352,88.8484,84.2355,84.819,85.345,80.7537,82.5026,90.4829,83.6174,79.1295,84.3513,83.2377,92.0326,90.774,88.4192,86.0431,89.9571,84.7111,84.8265,86.501,87.6475,91.3424,83.531,91.6281,91.3073,84.4817,84.5616,83.4472,91.15,79.4322
0,0,100.452,0.890673,6.66471,93.2552,90.9551,99.0514,93.4788,82.5332,85.7934,91.3071,84.9878,95.8426,99.6583,88.3775,98.5834,97.1116,99.9879,92.6883,89.5979,98.4893,89.6407,103.97,112.14,98.1598,95.3482,101.792,92.3561,94.4207,108.904,89.6924,96.4443,101.953,98.8342,102.283,102.437,102.763,97.0455,100.171,92.6478,106.476,102.304,92.5007,100.762,111.749,105.328,93.2217,109.912,102.839,90.1827,106.908,104.085,115.461,107.355,107.335,97.4094,92.8061,100.995,104.482,115.259,85.9796,107.889,100.09,116.671,101.131,111.676,106.165,106.108,93.1204,104.997,106.434,103.907,100.078,100.467,106.445,109.339,98.2528,104.769,95.2801,101.746
0,0,79.2615,0.51327,2.13974,72.8709,77.0749,76.8308,76.3629,73.7319,76.5412,73.66,74.8065,71.3879,76.5125,75.0264,75.4043,75.2072,77.2299,78.5716,75.0766,79.2035,79.0884,76.8941,79.0964,81.2208,76.018,77.1584,79.1253,79.6153,74.4722,78.2372,79.7522,76.8197,78.4938,80.7015,81.8918,79.1684,81.9924,76.997,76.9877,76.5348,79.7327,78.5541,82.0383,80.1193,83.8166,84.0091,74.3994,80.7927,81.5543,79.213,80.6652,79.4609,80.2402,80.5953,80.8492,81.2606,81.9776,79.4416,81.8884,83.5707,83.3022,81.5934,85.2184,78.2653,81.3497,79.95,81.0651,79.7903,83.1305,83.3701,85.2968,80.6988,82.8741,82.3615,85.0988,83.6245,82.4286,82.6231,83.6666
0,0,82.7654,5.14213,3.76794,40.3506,45.5126,50.2077,53.8209,48.4968,40.9971,55.0069,52.653,51.7439,57.8692,55.0521,56.9207,71.0525,52.7677,58.6708,61.008,68.9185,57.971,68.9624,65.1133,59.6089,70.2962,65.7882,67.9241,61.7744,71.3605,70.306,69.5293,79.3539,68.3981,73.4918,80.6273,76.891,82.9414,75.836,86.06,79.2005,83.2093,82.253,86.5132,86.4976,92.2013,97.1294,87.5433,92.0282,91.4041,93.8405,89.6357,98.2215,90.4709,90.2142,99.478,93.0892,99.3246,106.484,100.461,107.803,112.195,108.061,104.701,109.434,116.095,107.821,118.527,110,110.708,116.025,117.002,118.156,118.012,122.968,128.062,120.826,123.862,124.493,126.612
0,0,79.6895,1.68452,18.1606,72.6703,51.8943,78.3618,78.6407,51.5882,72.9736,24.673,70.705,56.5708,60.2322,83.7002,63.1358,73.7547,67.2197,73.9271,91.5291,74.2077,59.205,114.567,124.797,91.983,100.171,59.2807,74.5814,62.1084,59.6509,60.9196,81.7505,88.1559,110.372,69.7069,72.4638,85.1612,84.6687,81.8328,98.5025,79.0168,106.571,82.343,129.429,77.7557,54.1475,102.956,103.208,58.2524,63.1427,108.475,74.1167,70.8644,62.8135,98.438,89.2992,106.05,90.0484,95.8157,105.269,103.603,85.2182,88.3492,104.583,50.8619,76.2971,101.362,63.5614,86.6599,95.4057,70.2746,105.09,81.3526,80.9443,87.3035,110.425,117.135,116.994,96.2487,85.1462
0,0,101.543,1.12913,3.70144,92.3696,90.8921,92.8732,94.4027,98.3345,91.1108,95.3652,99.6294,97.6557,96.4699,102.829,86.6202,98.3297,89.5126,93.6114,95.9011,97.2931,95.0069,99.2844,100.678,94.6559,100.127,95.8998,96.4662,96.7821,93.9475,102.27,96.7573,105.264,93.9611,104.947,103.368,99.4632,101.251,88.2061,98.086,107.994,94.9357,98.8176,105.275,106.159,103.962,104.404,103.529,98.157,105.881,98.4577,103.716,110.624,110.334,110.61,105.492,104.028,105.822,110.163,108.829,101.284,101.365,107.252,104.464,102.352,110.943,108.38,109.467,106.441,101.166,110.025,113.655,103.267,109.058,112.745,110.366,115.107,112.503,116.802,113.12
0,0,127.143,0.710226,54.5587,105.25,160.762,93.294,188.409,138.853,269.006,141.243,207.948,246.339,116.899,131.929,144.145,131.855,101.455,100.137,161.941,221.109,186.601,32.314,165.998,140.685,91.2545,94.3258,144.938,66.4654,71.7991,57.3487,138.084,96.1934,81.6363,172.439,22.2231,134.309,157.867,114.228,124.343,126.482,94.6156,109.267,87.79,172.89,136.192,79.5018,40.6016,190.515,148.745,107.849,194.083,143.954,173.17,84.9,101.037,135.641,192.631,85.168,62.522,12.2372,57.3092,172.27,100.709,7.10107,109.099,111.807,137.388,211.702,44.5637,176.365,135.604,25.8359,126.673,104.339,203.577,114.856,124.812,163.26,181.115
0,0,89.827,0.145391,4.63297,86.7709,84.2981,92.4136,95.1925,90.7453,84.099,79.2169,86.8407,91.7581,87.9168,90.0536,92.6769,92.4858,87.5332,88.8074,93.0507,88.9903,89.9133,84.2147,91.5709,94.971,86.9769,92.7767,86.1159,91.0267,93.492,85.787,88.6284,96.4792,83.0363,86.9654,97.4516,92.6791,97.7088,93.1974,88.253,94.8608,90.164,93.3127,93.5916,89.3289,84.3841,89.719,93.7641,87.1745,95.6598,86.111,83.6085,91.9536,89.9018,91.4997,93.8767,81.1476,92.8821,83.7603,90.2136,93.0989,92.3855,93.7556,96.6464,88.8876,99.2397,90.1195,93.3619,89.3973,96.8949,90.131,89.9453,98.0018,89.1476,90.8573,89.7414,86.8385,86.224,89.235,87.1816
0,0,119.522,5.37956,4.74652,84.0536,84.9857,86.6169,88.8396,87.3622,89.7832,81.2893,90.874,88.2971,87.5545,92.4645,91.0952,100.384,107.85,100.583,96.2133,97.5742,103.208,102.936,108.306,100.336,99.8183,108.407,98.7835,102.286,111.878,103.539,114.614,105.342,101.556,115.53,114.11,110.694,118.922,125.348,118.322,117.261,126.334,123.024,125.282,125.087,131.101,122.097,116.151,133.491,133.333,137.1,136.174,128.375,131.037,136.213,131.971,130.271,145.373,140.962,142.948,153.34,136.282,144.185,153.679,144.008,144.411,151.793,153.528,154.102,161.409,148.926,153.732,152.433,150.507,151.332,156.341,165.429,164.806,161.165,164.345
0,0,90.7891,0.096537,8.69942,90.7972,81.1595,101.748,83.5706,89.6558,106.461,108.166,99.4127,85.9691,65.6125,85.7632,95.9246,93.4016,85.8008,92.0909,80.6171,90.5218,97.3849,109.687,89.3283,81.4573,103.225,102.023,91.4576,82.7006,98.6531,94.8923,97.6388,99.2594,75.2699,80.2159,92.1778,93.7345,81.1904,106.677,89.7122,95.9225,95.6282,107.854,93.2886,105.03,98.4758,86.0978,83.9632,103.862,92.3214,85.6236,109.991,82.421,95.5717,89.932,73.9758,85.3483,98.8594,93.9866,85.3203,98.7416,88.2719,86.6111,88.085,93.577,90.0856,82.0634,96.6698,99.8123,93.8315,90.4105,82.6022,86.7461,89.5367,104.457,82.1425,107.456,90.4857,81.0968,82.23
0,0,98.879,2.70303,31.2228,75.6153,47.2442,115.804,70.6871,60.5148,115.916,118.21,98.7507,98.8237,66.2691,68.4222,103.445,82.4869,77.8743,115.435,54.5037,68.6095,19.2804,125.598,110.223,62.7175,64.8873,146.796,138.073,97.1025,79.9057,105.831,88.4916,89.8933,88.4561,164.909,108.337,73.9445,93.9923,127.888,77.139,113.577,141.397,118.352,117.414,61.5322,110.119,105.145,140.922,87.9919,94.6781,92.4282,52.6486,130.46,43.2333,152.753,99.5074,133.446,94.1827,142.414,61.0485,132.171,108.374,135.35,70.3302,107.124,109.533,95.6697,63.2873,87.9581,104.725,140.004,138.866,87.9927,134.698,67.8348,129.167,129.406,117.351,99.7963,155.71
0,0,119.548,5.83516,75.6881,281.908,-23.8063,98.1744,-30.3107,-23.7146,85.9607,137.579,134.479,117.754,-29.3113,164.158,95.1578,-2.95067,55.1287,67.743,98.7771,124.001,59.5923,71.5356,4.54894,127.951,171.561,-59.1483,135.159,179.632,39.5043,99.844,120.946,24.4917,107.858,-9.86051,165.779,175.607,152.193,131.903,198.241,250.294,210.473,246.171,192.25,168.931,141.55,115.275,190.804,87.0338,-19.0318,200.934,140.868,155.343,106.439,65.2666,-36.3841,162.343,74.0971,130.106,150.043,224.747,297.457,199.239,130.102,211.414,155.777,271.957,113.063,149.562,171.677,167.035,130.804,75.3151,74.1813,127.873,134.939,222.165,27.6212,150.733,214.704
0,0,56.0103,0.989256,17.6933,35.2454,52.2179,80.5513,40.0059,58.0172,55.1474,59.7178,46.7747,51.2017,53.7408,74.1869,47.6919,14.439,60.9666,72.2922,60.2074,36.9464,50.0588,32.7589,45.919,36.6243,35.9673,57.5302,12.1388,77.7018,44.6177,30.2189,43.9527,57.2813,52.1666,46.4627,42.2899,64.2262,81.2556,48.2867,44.9166,64.255,46.165,73.6377,80.9438,78.8457,81.0803,52.6835,49.6625,38.3035,65.9681,105.192,35.2534,74.2679,50.3941,60.7047,80.5631,76.8142,75.5235,50.2756,73.884,82.47,50.5587,68.5345,58.6543,78.4318,92.6387,73.948,59.2998,57.6108,55.6153,63.0077,20.1077,80.4571,53.8353,74.4833,50.8277,45.8533,74.2621,43.4613,73.9999
0,0,81.8125,0.982736,18.1987,73.1116,88.2035,85.2033,87.2654,51.7668,89.2517,91.933,74.4028,97.1244,92.8132,89.5024,66.7634,63.093,68.8871,80.7532,66.7371,57.1937,54.8454,119.285,68.2678,51.4499,81.9255,88.16,102.74,87.3444,118.071,47.2142,53.3129,90.4519,63.5213,63.4535,101.859,94.0131,71.9318,76.8082,75.8348,61.9897,82.9013,57.8313,91.5593,64.9719,58.0216,99.8829,83.4368,110.193,81.5989,116.687,92.3454,104.135,58.2906,97.3672,89.2744,91.28,81.8666,90.0928,89.5798,81.777,22.0636,99.9323,91.8154,90.6795,91.4072,113.515,59.0149,56.6216,27.571,92.3246,67.1592,81.8989,137.864,68.8333,96.8195,96.058,101.553,122.142,79.0934
0,0,133.501,1.84651,13.3311,126.572,114.364,79.6398,118.277,117.667,128.446,103.342,112.041,118.708,120.856,139.798,119.983,103.111,117.947,119.476,134.586,125.114,140.694,153.983,146.794,123.892,117.606,146.27,146.89,108.006,131.253,107.363,126.169,163.462,141.136,140.228,129.043,150.428,143.381,152.684,148.968,138.359,125.833,112.625,150.21,144.863,140.283,168.313,140.598,144.236,136.62,143.716,119.774,125.361,137.806,150.944,147.007,142.77,123.543,156.085,127.897,157.702,167.451,151.874,138.059,157.673,144.168,145.619,144.633,159.079,145.702,146.529,145.38,148.366,156.904,162.47,152.814,155.82,131.461,140.519,148.994
0,0,125.39,2.34322,3.09108,110.836,109.496,112.793,109.913,117.87,110.955,108.839,104.417,110.982,109.454,118.171,117.922,116.999,110.503,111.869,114.569,114.733,115.794,118.773,117.532,115.948,119.589,116.231,119.29,120.266,113.474,119.244,118.259,126.085,117.244,125.096,118.878,118.868,127.79,125.583,120.127,122.924,133.477,126.012,130.486,130.27,128.019,122.557,127.906,130.255,126.67,128.714,127.136,133.245,132.413,133.731,127.7,125.886,128.995,135.204,131.241,130.28,136.241,133.26,137.589,135.037,137.124,138.983,137.893,147.505,146.299,138.068,139.494,143.062,139.402,137.796,142.846,145.034,144.915,146.702,145.181
0,0,86.037,1.1684,4.74124,79.109,82.4463,76.5808,93.8385,74.7086,85.8439,85.8385,93.9551,83.2237,88.5493,81.9149,76.3785,84.1145,85.7084,79.7049,79.5056,79.045,75.4153,81.1265,82.0111,83.7827,83.2355,85.5111,81.5615,82.7211,81.3006,79.6054,81.104,88.9803,89.4234,81.9668,79.7387,96.7928,85.6624,79.5415,87.1629,76.2683,91.0223,91.2245,92.5973,85.4432,88.371,98.7749,88.5959,79.7066,84.8016,85.9505,88.5025,95.8742,91.4377,88.6963,94.1812,86.5523,83.218,88.9219,90.9774,87.4678,88.3374,92.5544,99.7,92.3438,88.2356,87.0376,96.0172,90.736,83.6297,89.5776,95.555,94.5762,102.087,99.3112,86.2008,96.7525,90.2983,94.7322,92.7594
0,0,96.9139,1.72861,3.59142,84.5011,80.299,86.1728,91.4432,81.1788,87.6368,95.1422,85.156,90.01,86.6536,83.7531,89.7154,94.7695,82.5047,92.185,92.3403,87.1006,92.1571,91.7051,95.4307,95.5592,89.2308,96.411,92.8764,93.2905,94.7992,88.1799,92.007,90.874,93.0853,86.4426,94.4849,98.9736,92.912,91.763,105.958,100.722,102.253,98.8679,94.7282,108.059,99.1102,100.775,102.429,105.957,98.7428,97.5648,97.7188,99.782,103.63,105.533,107.401,95.7564,104.023,99.7849,102.756,104.61,99.1708,103.851,101.967,107.312,111.661,104.828,109.427,101.573,98.2695,108.798,110.951,111.286,112.985,108.511,109.064,111.123,105.03,119.981,111.25
0,0,125.179,3.76489,41.8681,144.202,139.028,65.0448,85.4071,95.3928,97.8484,153.888,130.373,150.86,82.6192,142.127,85.885,122.144,103.368,169.545,141.251,90.2482,140.974,137.316,98.375,209.621,147.451,190.268,88.2097,94.9221,141.588,82.9422,23.2452,92.3117,138.753,139.177,87.8704,141.425,128.383,92.4379,69.7038,113.893,105.361,106.287,201.736,107.767,132.168,97.7388,97.317,142.834,141.438,77.345,124.208,156.08,93.6746,172.88,141.855,179.05,113.066,185.227,172.984,142.989,134.283,66.8714,161.052,172.417,154.13,124.984,123.713,23.5589,98.7559,144.286,148.096,187.657,203.01,163.888,169.187,93.5166,185.043,99.1609,186.086
0,0,104.943,0.233334,24.7483,106.48,119.578,121.498,129.23,123.969,88.7946,65.3937,73.5725,127.383,99.8013,88.9588,113.82,139.498,124.418,87.4835,90.3493,99.7555,125.702,98.5233,111.718,100.001,93.1382,154.199,70.5703,127.259,102.8,27.3773,106.381,127.612,16.582,84.2421,135.432,116.409,130.241,83.9375,85.0464,109.679,78.3387,108.394,97.5489,130.799,154.404,68.6755,95.156,115.304,118.136,114.056,134.745,110.759,127.105,109.741,104.992,97.4734,83.8714,104.267,76.2084,79.7841,156.071,147.853,145.58,110.874,123.458,138.24,99.1957,107.626,100.305,117.667,121.105,98.5143,120.152,104.382,131.887,64.8811,99.3978,127.965,135.702
0,0,115.272,3.34267,53.5707,68.5602,129.82,158.11,134.464,135.112,125.788,43.0971,150.742,140.498,134.576,130.027,148.839,107.548,40.3962,120.499,60.0248,96.3375,113.367,165.486,154.458,78.245,63.2003,173.816,33.5644,43.6731,171.735,50.8238,190.9,160.157,218.61,199.439,117.504,174.414,235.732,-14.5455,60.2165,92.8278,168.182,96.3749,176.282,-6.41724,19.945,122.888,161.527,97.9689,45.0445,101.359,197.774,110.708,107.112,86.5059,222.753,119.587,142.681,94.5501,79.5241,111.274,114.563,129.661,118.992,105.851,239.919,144.241,123.058,132.059,134.002,142.295,120.337,202.123,130.03,256.687,148.376,177.996,129.853,266.764,98.7367
0,0,121.188,0.392673,61.4069,71.1508,124.658,98.5971,118.584,109.579,137.191,35.9456,37.0121,171.996,-49.4073,97.6337,31.5945,51.4684,255.262,143.792,73.0842,-17.3379,138.626,42.48,174.877,31.7666,166.749,1.80236,15.7163,-50.0042,175.474,149.289,49.0938,129.102,239.032,218.803,104.573,84.9479,229.603,52.2948,106.195,173.273,153.76,194.457,113.767,101.116,166.757,48.5862,230.978,150.544,79.9963,210.301,93.7073,176.271,-24.0752,107.157,113,61.24,243.119,85.4969,105.901,208.566,39.0237,231.889,43.6504,48.9049,17.9354,186.412,52.8081,11.5202,182.862,63.5247,158.524,167.489,127.613,51.1262,194.006,152.473,155.839,198.198,151.187
0,0,99.2523,0.445633,17.1794,89.5578,97.4397,117.318,109.891,129.238,99.7131,87.9731,89.0876,86.7414,119.329,90.2576,94.3109,105.505,97.3137,77.8742,134.55,104.765,97.8173,61.5953,95.0311,81.4266,89.3745,119.522,91.05,108.974,79.6563,119.782,92.4024,102.167,83.0891,81.162,100.549,79.0395,119.274,101.131,110.057,102.623,75.0529,93.5048,121.47,68.8311,81.0621,100.807,113.923,80.2215,127.025,75.3131,76.31,96.65,103.26,113.74,100.297,99.6409,94.9527,51.992,84.4068,104.23,111.326,93.4542,76.9947,92.7256,120.761,121.47,112.22,106.653,118.417,124.929,70.5941,106.017,80.5322,85.3418,83.6935,139.27,79.5775,130.668,113.759
0,0,124.711,0.967334,12.8832,113.27,121.192,129.435,120.495,113.33,105.798,122.308,112.29,102.158,97.6047,134.21,101.91,117.197,100.328,121.759,124.732,117.321,126.694,125.886,117.937,116.185,117.347,142.459,131.593,105.69,117.846,120.687,131.684,119.19,117.411,156.007,96.669,126.837,113.492,120.368,97.0007,136.915,107.096,121.488,99.2202,118.781,124.83,120.683,129.887,131.262,120.311,119.489,156.658,126.162,134.541,138.9,136.188,139.754,144.095,121.361,137.661,127.168,121.389,117.504,135.242,120.108,110.803,118.215,135.652,141.641,137.846,145.57,154.002,143.774,121.379,147.933,103.622,136.908,144.627,148.032,126.96
0,0,86.0611,0.241048,53.9329,149.224,192.937,36.8611,22.588,35.111,130.092,45.0065,83.5906,141.86,49.9438,59.6186,55.4341,85.3851,99.7767,163.51,62.6512,69.3175,38.2597,114.752,62.8293,73.9789,103.752,130.439,130.263,64.5291,79.8999,113.444,136.09,83.6594,103.018,-2.49518,72.6916,138.818,126.429,54.8596,37.5704,69.2279,112.976,100.169,206.665,131.211,149.469,148.846,132.739,76.7917,152.022,59.5943,79.1297,131.142,103.781,82.4981,74.5323,57.5739,62.1276,190.845,86.7176,111.604,154.573,-33.5642,74.6397,170.999,67.1535,32.996,93.782,28.6249,123.894,151.905,84.9964,11.3994,138.977,168.553,212.57,34.4008,111.414,124.74,55.6103
0,0,102.904,0.654401,8.76288,86.7803,77.5878,98.8701,106.084,94.4553,111.583,94.5863,105.07,116.817,94.8985,96.0966,99.5732,93.2313,108.025,91.2702,99.6607,100.322,106.798,124.997,101.623,98.0407,101.779,88.7867,100.443,89.5579,112.689,110.675,97.7811,118.252,102.525,107.65,96.1961,109.61,110.276,93.7166,105.785,92.7823,112.567,101.394,101.074,100.05,103.297,105.053,106.652,103.044,98.6753,100.365,100.901,106.931,108.72,91.5974,104.503,116.953,120.438,99.7104,109.495,98.8325,113.173,121.799,90.8456,99.2805,70.5221,118.198,112.029,112.969,112.338,98.243,98.665,97.8671,86.7922,102.223,114.489,100.159,105.831,117.897,110.566
0,0,82.1072,0.427565,42.6759,15.6489,41.3542,-36.2535,116.638,53.4169,113.866,-1.28272,75.7581,21.586,123.372,59.5338,79.9937,91.6842,58.8293,84.7993,137.36,62.9036,0.276424,51.3933,30.8128,140.619,35.1152,103.524,59.1252,66.0233,147.014,54.0864,107.905,181.577,78.3883,83.483,127.126,96.6368,98.7285,42.5661,59.4445,76.6176,110.464,53.0396,-51.8984,151.913,122.96,66.6386,17.3554,27.3917,57.7975,98.0426,71.897,75.0967,82.2737,83.2342,62.3243,79.5381,100.983,118.963,145.651,20.4435,85.0859,121.294,24.3962,46.2857,135.824,121.99,54.1841,107.38,85.7867,44.6179,21.0307,124.793,136.504,77.1277,70.0582,20.4417,78.1669,78.8131,89.2797
0,0,97.7553,0.796405,0.257451,92.2605,93.0764,92.6036,92.888,92.5442,93.4049,92.9485,92.7683,93.3257,93.5247,93.7987,93.9325,93.6014,93.8535,94.1937,94.4261,94.5365,95.2017,95.1956,95.3868,94.6626,95.4777,95.4973,96.3746,95.5073,96.3835,96.2601,96.4862,96.2235,96.9795,97.1191,97.0954,97.0933,97.2714,97.5326,97.118,97.9349,97.8725,98.5771,98.363,98.8403,98.4613,98.9142,99.3842,99.038,99.2968,99.5247,99.5761,99.9371,99.8282,99.7346,100.176,100.665,100.926,100.61,101.09,100.84,101.406,101.135,101.586,101.654,101.781,102.364,102.352,102.254,102.329,102.679,102.729,103.276,103.626,103.205,103.898,104.09,103.597,103.986,104.355
0,0,96.449,1.37624,1.5795,86.1474,85.0615,86.9798,86.3063,88.3658,89.3775,87.6095,88.3598,87.4295,87.5213,88.1476,90.5552,89.6711,90.0602,91.3091,90.8392,93.5909,92.516,93.4432,90.9947,93.7197,91.5033,89.4187,90.8261,95.5141,90.0356,95.4559,94.8489,97.1514,93.4562,92.7585,95.6355,93.6143,94.3875,101.027,97.2637,97.5578,96.7946,97.4854,96.0919,99.471,101.77,97.8361,97.452,97.0171,99.1607,99.3775,100.981,99.2202,100.143,98.1191,100.912,100.554,99.565,103.706,102.733,102.273,103.138,102.492,103.278,104.676,104.066,104.172,102.018,103.612,106.965,103.293,105.344,107.747,101.71,106.308,105.899,104.779,106.698,108.138,105.991
0,0,134.037,0.522503,15.8763,110.586,112.55,120.509,130.738,118.029,156.897,102.388,138.854,120.334,93.0332,123.72,126.22,129.309,120.358,140.421,173.347,144.383,129.894,140.731,123.803,142.191,163.027,158.569,110.437,121.456,107.929,155.322,127.508,124.797,104.047,118.396,164.223,161.357,129.897,139.773,112.692,149.599,149.023,125.685,144.075,154.903,119.483,161.36,132.198,109.397,131.528,131.552,169.342,143.874,138.719,151.395,138.088,113.841,127.748,157.163,146.858,167.794,158.562,147.823,148.562,146.114,150.232,155.546,137.401,147.049,127.675,150.908,201.467,162.187,134.077,146.634,143.152,148.153,127.258,129.548,119.47
0,0,107.096,1.24625,15.2305,122.723,90.7977,117.557,106.356,74.2282,90.1489,122.14,101.677,114.055,68.0878,112.62,117.606,104.814,120.149,98.2804,103.493,96.967,114.099,123.629,111.62,107.638,120.558,98.7568,104.622,118.064,90.8584,111.403,115.995,115.787,123.496,140.275,109.343,93.9598,113.476,128.529,117.354,97.6007,123.976,90.3124,117.594,136.368,112.983,123.793,137.021,120.865,99.3994,115.201,126.133,118.649,88.7754,82.3783,132.229,95.5108,152.148,81.9997,97.7547,112.938,122.135,118.846,104.03,111.886,70.5317,83.8147,102.997,139.303,117.248,103.354,70.4007,129.293,120.841,105.631,150.023,108.33,115.831,79.0862,115.902
0,0,123.39,6.15773,0.145554,80.3013,81.3603,82.4761,83.8188,85.0816,86.2932,87.4043,88.8016,90.0628,91.1464,92.2664,93.7374,95.0572,96.0533,97.4037,98.4488,99.6314,101.024,102.122,103.62,104.669,105.927,107.072,108.501,109.597,111.069,112.142,113.355,114.855,115.945,117.091,118.268,119.727,120.815,122.016,123.284,124.423,125.71,127.175,128.193,129.507,130.798,132.005,133.332,134.512,135.484,136.989,137.996,139.242,140.388,141.682,143.073,144.218,145.421,146.632,147.945,149.195,150.285,151.61,152.805,153.946,154.956,156.416,157.689,158.866,160.021,161.338,162.581,163.656,165.124,166.349,167.612,168.953,169.832,171.207,172.324
0,0,93.8229,2.14905,69.5041,153.429,89.9922,102.695,53.5986,52.6979,204.111,157.548,192.007,5.05566,163.266,47.1821,167.629,-0.721712,92.5812,23.2816,133.844,79.8966,-1.60582,3.70579,114.664,78.1146,46.5056,53.6959,153.703,23.8106,90.1866,44.0855,125.215,87.9266,-48.8915,72.2618,-10.0199,109.365,38.3933,170.012,154.432,-22.2959,88.6645,118.311,77.479,92.7964,221.718,69.3971,78.2427,72.3703,68.318,181.929,162.038,107.356,118.169,39.2561,185.953,313.072,131.904,43.8789,158.829,91.4263,75.8965,163.882,65.2028,148.035,87.1393,53.1196,78.1609,85.1419,17.864,187.987,85.6489,-16.6204,110.091,-19.6432,118.77,-11.432,36.0098,52.2037,69.0762
0,0,104.074,0.865318,111.204,203.039,130.156,242.258,204.9,239.974,36.9862,28.8083,101.192,188.525,389.937,144.578,302.242,30.4564,20.045,54.041,-21.6332,30.3815,75.4383,187.648,229.611,-131.673,0.665634,-31.9669,87.3953,226.325,118.418,227.951,78.066,-68.5367,171.128,288.046,138.688,64.2645,96.2257,374.17,229.732,68.2315,200.253,44.7897,-82.3271,79.5529,100.356,171.672,106.307,-156.954,43.7526,167.418,61.5578,160.882,138.73,293.348,294.937,51.0919,-23.6209,-25.7993,190.735,38.783,93.5565,-3.63445,5.93976,184.245,-31.0638,38.4429,110.6,117.193,-64.1786,128.944,200.833,23.6327,98.6346,207.361,155.575,16.417,167.327,34.505,-25.6175
0,0,99.1191,1.94613,11.7714,81.9291,78.2669,65.4599,104.41,74.2552,90.5991,92.3916,99.1443,75.3806,90.6967,97.1313,86.0793,80.7968,57.7757,84.6405,85.0972,90.6731,83.902,98.1367,95.608,96.5934,83.3483,109.656,92.631,93.8392,118.886,77.0151,66.4938,97.7296,95.8767,105.757,95.9023,96.079,97.5623,106.031,94.655,103.531,77.4887,114.2,126.064,95.3235,99.2744,99.6882,86.6421,118.69,84.5796,114.325,108.327,108.289,92.9856,125.643,102.774,95.7425,123.821,118.365,98.6991,103.92,103.931,99.6576,86.1401,107.898,117.98,108.51,126.017,94.4315,113.78,103.741,123.911,89.67,100.265,110.023,120.713,97.5691,103.619,101.822,116.988
0,0,73.1869,6.79664,28.325,27.4545,40.577,41.468,87.3445,27.3722,62.5122,57.0775,53.2724,27.2343,24.1494,-4.31029,27.3446,42.6958,62.3448,28.4007,70.7736,38.6972,88.329,92.1935,50.4019,37.7224,73.7062,54.3964,-3.4072,65.2399,77.1942,49.7967,58.3188,83.61,32.1951,77.1653,96.9378,35.3642,70.481,59.8805,60.6659,123.85,71.7797,123.261,33.9925,72.2515,112.772,102.252,108.48,77.5114,51.9793,68.5958,68.3924,132.878,87.4279,97.407,45.7949,92.9133,80.1626,107.589,72.733,86.734,87.3707,120.964,69.3724,53.5287,99.2913,139.805,126.797,83.5927,119.854,97.7289,105.805,104.306,59.6296,85.2573,145.917,147.741,154.69,116.691,147.4
0,0,115.676,1.20304,86.5622,214.897,105.493,176.318,13.6591,-29.1735,130.248,101.56,-21.2449,213.604,37.6593,217.475,256.948,116.168,33.0002,-3.63416,209.276,288.291,-34.2224,158.875,62.2143,-12.9412,140.107,18.3623,61.1275,79.1877,262.71,251.936,167.344,172.799,79.5908,-8.39176,-12.2628,309.466,156.426,152.765,9.31552,141.729,268.938,100.639,82.1442,137.179,209.484,173.366,161.599,81.5803,138.028,51.47,221.305,75.0117,294.94,126.311,140.088,74.4244,95.9487,126.07,107.388,255.116,-2.67669,106.221,64.9183,244.082,112.422,90.7204,49.9953,240.531,185.332,287.215,95.9956,106.105,51.7899,71.6405,95.7458,198.904,251.359,121.221,335.943
0,0,129.967,0.621633,6.08119,124.322,128.346,121.447,121.781,134.78,119.037,120.207,125.881,127.408,129.679,126.425,127.787,117.137,126.47,131.527,131.301,143.331,131.441,130.968,129.105,115.82,122.516,128.102,123.061,127.409,136.164,134.918,134.072,127.314,133.509,133.073,131.657,134.182,132.113,136.227,124.167,130.828,121.307,124.701,126.149,124.654,133.228,133.577,134.104,134.575,134.411,135.115,133.814,130.085,131.727,126.52,130.682,130.071,127.283,137.745,130.569,136.173,125.919,120.395,130.951,132.831,124.148,143.25,137.053,146.083,140.478,131.413,133.751,136.393,135.737,140.764,136.055,125.538,133.623,132.983,133.338
0,0,115.76,0.89543,1.40484,107.786,110.647,110.376,111.641,109.714,112.602,109.459,111.801,108.746,111.453,110.733,109.523,108.469,112.951,110.478,111.501,112.408,111.291,111.065,112.782,113.203,113.634,114.186,112.599,111.86,115.563,113.545,117.363,113.35,117.1,116.856,114.818,114.462,115.596,118.095,115.271,118.142,113.135,115.866,115.785,117.046,117.059,116.944,117.022,118.426,117.974,115.988,118.046,116.425,119.944,120.756,120.85,116.611,118.63,120.557,120.171,119.91,118.202,120.358,120.241,120.473,120.722,119.006,119.687,118.38,119.131,121.167,120.004,121.763,119.523,121.276,119.877,122.357,120.899,123.235,121.224
0,0,117.648,0.92574,23.7232,93.2745,68.508,125.362,112.012,137.272,154.351,107.706,116.429,84.1714,72.0791,111.233,95.5348,83.8832,101.33,96.0754,129.635,116.418,91.9797,107.511,137.273,141.451,130.867,176.404,102.488,106.545,116.113,81.4264,101.807,104.363,91.5195,104.796,85.7102,176.19,126.289,84.6706,140.282,148.152,136.994,120.304,133.783,160.394,124.011,105.161,106.408,156.789,78.2068,135.294,135.735,127.133,110.977,127.222,143.834,90.4356,120.805,125.881,128.559,130.838,127.623,93.639,99.0863,126.054,123.174,103.629,110.504,167.961,136.057,93.9104,164.49,145.949,98.0196,147.33,94.7892,140.364,121.646,135.794,120.464
0,0,123.013,4.28245,50.6984,70.2534,152.551,149.892,174.433,117.229,49.5286,159.874,96.9892,112.116,136.259,148.475,58.3605,90.0276,130.646,84.6759,155.586,91.8748,37.1713,104.452,87.2651,191.905,51.0608,91.9997,109.647,157.705,68.4742,81.3735,114.586,70.6131,52.7277,109.804,167.747,-21.8979,99.4433,96.8333,56.5772,232.57,154.178,88.9045,135.857,96.3309,143.749,72.6952,125.693,197.891,193.34,162.511,31.4479,225.353,116.014,145.283,94.9626,209.022,92.3982,121.764,170.265,123.619,208.041,168.421,100.996,155.881,85.8635,94.5088,199.789,155.085,159.186,166.06,205.877,180.964,137.842,163.95,152.104,149.853,224.437,136.451,201.844
0,0,103.089,0.645248,15.502,92.3292,95.2191,101.825,104.394,101.798,128.552,93.2727,104.343,64.4418,86.3229,93.7759,100.749,58.9506,75.7398,121.544,90.7151,112.763,89.7083,95.0703,105.908,78.886,109.639,92.8985,91.0019,120.042,126.532,106.952,110.437,120.747,82.8301,102.783,117.043,110.677,94.1022,92.0607,133.494,125.335,96.9817,88.263,95.7702,92.221,122.41,95.6431,107.724,112.733,96.6198,114.834,92.6562,128.853,107.312,103.027,120.744,101.628,123.359,100.739,90.8387,97.712,116.172,108.813,111.503,117.598,129.049,101.2,105.499,115.318,96.7767,101.768,92.3428,98.5786,99.9639,123.105,114.303,121.608,118.554,83.4341,121.903
0,0,121.291,0.425511,15.5313,126.625,123.35,129.014,118.601,115.469,137.342,130.227,117.893,118.521,99.4901,115.43,140.126,112.9,121.287,128.269,127.195,97.0238,113.703,120.285,114.966,130.613,111.977,99.7008,127.081,120.151,109.975,122.877,141.925,123.353,118.499,118.614,108.99,128.704,99.9533,116.88,117.504,143.752,142.191,126.695,111.759,124.539,121.167,128.422,112.038,126.578,128.491,110.144,111.968,106.612,134.577,129.208,135.275,120.283,116.396,136.033,132.395,122.575,114.735,150.116,103.287,123.646,129.179,122.107,97.2571,119.565,110.39,119.289,138.421,120.234,131.752,115.264,116.619,131.181,125.07,134.129,133.043
0,0,105.191,2.99317,28.4374,63.9226,73.0641,79.9721,55.1751,99.8684,101.667,93.0636,99.5061,166.016,60.6212,91.1709,96.2337,108.958,101.845,108.587,71.08,107.413,74.8583,48.7924,93.8751,94.0618,106.969,143.89,127.396,94.7735,109.591,69.2529,117.681,123.838,106.155,134.028,103.415,58.7819,92.0845,130.395,99.4742,114.518,111.099,117.658,129.395,55.9695,80.0951,141.975,119.88,91.3214,84.6297,136.354,86.4043,116.151,147.499,117.81,138.975,151.843,120.058,109.319,115.354,79.063,161.968,94.425,94.2299,114.12,101.587,152.319,151.665,142.791,112.585,137.035,134.875,176.536,122.775,126.995,106.592,97.88,148.78,134.135,121.319
0,0,96.7724,1.16113,11.4292,96.2962,94.7886,94.818,92.3482,90.2787,86.631,81.9612,98.3516,113.554,88.2913,95.2366,95.9188,96.6272,84.4923,97.0082,98.9812,96.3952,97.4593,80.7434,94.908,81.0146,91.9458,101.821,92.352,98.0539,108.848,85.3833,108.046,107.32,90.7923,100.932,96.591,110.416,102.76,90.6141,96.7846,103.783,118.959,98.9708,106.306,124.974,95.8876,93.6025,103.296,96.3192,95.3912,94.5766,109.938,106.387,99.9092,126.714,86.0962,105.706,94.0585,94.5785,89.1146,111.903,75.9582,104.555,84.0065,118.95,109.398,97.3,116.403,105.327,101.041,121.604,108.085,87.6233,87.625,77.2795,119.171,115.644,104.737,111.664,96.6842
0,0,116.204,0.395987,21.2657,111.013,113.762,101.075,118.859,116.808,86.032,112.547,117.53,126.977,94.6783,113.172,109.032,136.79,136.66,137.581,99.6535,154.704,118.606,134.587,114.218,76.54,137.537,116.934,125.432,100.949,86.8357,157.026,87.2117,133.287,128.316,105.022,123.033,114.768,83.8593,132.213,108.915,108.956,114.226,124.856,105.201,141.656,122.212,106.262,120.66,117.372,115.834,117.15,128.94,83.502,87.3561,75.3359,81.7556,115.327,107.171,132.897,151.188,128.277,154.356,130.494,96.0129,109.353,168.871,147.787,145.651,113.639,106.137,105.684,156.181,151.183,133.706,142.978,106.565,157.562,128.076,114.795,92.7299
0,0,117.73,0.461207,7.16402,118.078,110.571,127.248,123.198,118.844,104.55,116.819,113.707,128.494,105.826,123.342,102.771,113.073,109.261,125.3,130.733,115.898,113.648,114.49,108.292,124.869,117.267,111.736,114.945,104.22,106.728,99.5272,116.19,117.825,113.099,112.694,122.05,109.925,109.679,120.719,110.616,121.768,132.294,122.237,117.058,131.846,113.323,115.908,112.216,116.315,116.54,113.368,107.259,112.957,115.898,103.023,116.353,114.424,119.301,110.886,106.089,120.604,114.249,119.744,125.159,133.215,113.239,129.613,130.403,125.047,131.979,122.276,119.113,111.876,120.394,121.906,113.52,123.432,117.508,123.774,117.758
0,0,106.286,7.59541,22.408,74.4629,63.7808,25.1929,65.6826,65.6998,89.3991,47.6841,99.4689,53.4834,53.9412,91.1551,68.2001,88.9283,26.4828,57.064,84.9272,96.7854,62.8043,74.5597,78.1229,44.3115,78.7086,54.4798,57.6466,97.1859,101.758,100.573,75.5665,87.6786,60.2312,69.4389,155.565,104.37,119.251,135.5,102.11,130.897,166.291,93.4712,51.4827,162.439,129.735,116.012,135.548,100.44,150.826,118.231,100.637,155.857,119.579,118.661,159.135,130.878,139.249,109.294,137.36,161.401,145.641,123.077,177.761,173.694,134.645,184.19,180.18,163.845,132.071,162.509,129.646,165.54,177.772,193.615,190.57,140.027,153.39,178.942,147.97
0,0,124.342,0.239754,8.56937,122.899,113.641,127.51,127.359,133.091,110.339,118.347,119.251,117.405,140.653,124.084,121.399,132.09,120.602,117.462,126.723,112.231,104.537,123.489,128.297,122.475,116.198,115.206,115.434,117.907,127.375,134.277,119.841,128.92,122.518,125.374,116.173,133.818,121.258,115.879,116.357,135.572,128.985,135.662,121.007,109.41,125.654,138.403,135.098,118.148,129.713,120.801,114.29,135.907,130.19,128.759,126.858,111.5,128.942,124.96,131.732,131.756,132.112,111.459,132.903,133.982,109.276,116.639,140.354,138.518,142.248,133.061,130.631,139.448,115.264,124.111,124.006,128.598,125.462,142.522,130.238
0,0,122.555,0.214758,12.7554,129.165,111.764,116.171,111.015,136.96,116.505,127.203,114.34,106.61,116.569,96.0254,122.644,130.56,120.407,117.749,124.166,146.596,121.783,115.175,130.253,125.572,126.075,124.825,130.138,110.541,108.963,142.621,122.215,118.732,143.494,111.798,112.882,136.56,130.457,94.2264,118.159,116.167,111.863,116.314,122.369,152.474,146.453,115.517,130.136,115.726,112.261,129.897,135.714,102.958,131.779,129.83,128.582,141.49,124.894,128.511,119.195,121.613,138.719,132.428,142.62,117.435,102.383,126.932,103.327,140.935,111.736,131.17,109.143,146.027,116.276,125.706,111.869,129.675,137.638,147.292,121.929
0,0,119.287,1.17907,36.255,63.8778,119.778,66.2599,104.603,75.3681,120.192,124.885,182.262,119.573,125.864,117.537,154.738,150.816,74.586,72.5291,155.632,126.183,70.3215,142.306,120.594,163.921,91.4257,111.156,122.45,105.141,127.459,185.134,179.337,157.452,96.4988,88.8788,79.874,85.0794,86.339,134.491,152.578,122.261,134.748,126.345,114.024,155.249,72.5307,171.205,125.515,100.262,110.01,99.6673,118.741,93.3118,112.89,106.817,101.413,56.5361,158.404,84.3426,66.0285,90.6008,116.3,186.08,88.9276,149.044,104.197,154.899,108.905,170.342,124.63,158.755,195.107,197.508,145.294,116.292,175.782,102.649,154.347,166.673,141.475
0,0,78.831,4.19304,33.0961,32.8506,31.5717,-5.0196,65.9533,32.5604,87.2577,25.2272,20.7207,73.2313,41.7995,50.6657,44.6952,86.3755,28.345,-1.42319,5.56497,37.182,105.39,56.6837,75.1804,97.5096,68.582,82.2282,34.2274,50.1209,98.4775,84.6614,83.8947,98.5695,2.55188,31.9774,88.0253,16.128,-9.23823,70.7979,76.6398,101.882,51.9224,119.164,59.8641,73.44,83.7889,108.344,103.394,52.5757,123.927,-4.6066,98.4197,112.977,71.1428,100.084,48.7076,87.4875,93.9767,106.009,109.011,160.242,110.33,98.047,137.761,106.114,64.395,119.217,34.3152,96.8844,163.133,85.8316,72.2537,104.836,80.0586,153.678,52.4902,78.7671,102.505,37.3326,105.515
0,0,110.415,1.83481,12.5513,93.5437,93.6262,108.239,100.633,109.037,82.3315,80.4723,86.6272,115.275,78.6211,137.496,104.071,118.781,97.6957,107.106,83.4037,82.0232,87.9839,93.9522,109.023,111.667,96.2158,104.467,99.3227,109.386,115.618,95.4392,116.155,96.5359,107.282,103.352,86.5225,101.268,110.001,124.43,96.8083,96.2597,102.586,111.596,115.025,118.478,107.178,125.116,121.419,119.39,110.084,110.105,97.9726,109.841,123.783,131.013,127.097,107.151,120.014,123.791,107.773,125.338,110.409,126.329,117.533,114.907,116.4,118.122,99.0418,109.286,134.375,114.926,120.464,121.255,151.972,132.015,115.962,125.562,113.084,111.195,101.127
0,0,101.61,1.26303,9.13883,85.128,92.6968,93.3676,89.2171,86.4231,82.8641,91.249,98.8511,91.7125,97.2775,82.3931,96.8061,93.7497,96.9089,104.744,101.49,117.662,95.1162,92.3994,101.504,84.7581,90.6815,103.864,97.2664,89.8731,94.9197,105.109,102.28,97.9789,101.703,99.539,93.6465,91.7302,113.397,90.8601,110.778,84.3516,96.5594,112.51,117.059,107.678,108.918,103.194,97.6871,112.392,99.8979,104.48,98.5556,103.504,115.688,104.868,95.6219,95.5219,110.687,86.2157,128.983,97.3092,114.276,93.6531,113.33,117.976,106.579,107.862,116.688,104.523,89.0463,96.6581,111.67,108.202,119.941,98.124,111.821,84.0015,119.159,121.295,115.457
0,0,69.4328,0.894945,11.4264,50.6968,52.1754,52.7531,45.3461,71.3049,62.1196,49.9336,48.9307,61.8329,59.6411,47.2234,65.9872,55.5606,53.4976,66.8121,76.7686,50.2169,67.5348,72.2045,62.7218,46.4163,67.411,82.0572,79.5019,73.9038,66.3828,42.8126,84.8089,88.4082,57.1319,76.0428,77.9122,77.7664,79.3994,79.8119,81.9468,95.4058,48.8056,91.9593,73.7344,62.5887,76.4905,67.8226,61.5558,78.952,74.2773,49.944,72.1201,75.934,93.2686,70.0927,83.094,69.5601,81.9045,97.1541,82.8882,82.2311,55.6987,77.4441,69.9546,75.6852,72.9314,66.4245,85.7202,72.3705,75.2802,71.4419,88.9233,83.764,76.9558,88.8838,86.8021,65.6891,63.1664,77.4984,67.5906
0,0,66.6201,3.53123,3.65546,44.2003,39.2703,43.6055,35.9489,37.2929,46.3207,44.2165,39.6438,51.9732,49.574,49.5471,53.2974,55.9857,58.8887,53.9589,54.1991,47.7142,53.2167,52.0641,49.9905,55.4213,62.572,56.5365,55.09,55.6192,62.6598,60.1063,66.1741,63.6182,61.464,57.833,60.8546,67.1337,65.9568,63.5755,54.0341,60.6164,71.008,70.7215,76.5676,76.4615,66.1451,70.8939,74.7595,74.922,71.7294,72.5525,77.6033,69.4197,73.916,78.1149,76.9936,75.2633,83.0261,86.6938,76.6995,82.0739,83.1251,89.6634,88.6506,76.5489,85.3226,87.4872,89.5992,83.9427,83.9787,78.8636,91.6445,92.6749,94.9482,88.8495,90.2435,89.336,100.366,99.2281,87.2643
0,0,107.417,1.02823,38.053,44.498,144.324,52.9782,160.179,129.079,85.0268,49.6417,94.917,126.35,90.8317,89.9785,80.9257,61.7449,93.4137,83.4039,117.446,119.656,123.804,136.774,161.37,95.5647,133.589,169.611,94.7086,105.097,109.761,103.528,112.025,168.78,115.865,24.9779,139.161,86.8185,102.847,179.874,105.85,193.698,128.3,169.583,93.6344,141.578,81.3012,122.138,113.455,79.2664,94.1415,125.866,141.293,159.677,133.885,55.3683,97.3228,101.126,92.8575,132.529,68.5376,103.901,102.716,98.6209,53.6869,131.855,151.953,149.005,137.735,31.5328,83.0617,109.523,125.186,52.8274,109.08,137.605,186.408,95.2395,128.636,124.494,126.644
0,0,103.457,2.05261,27.1854,65.3765,105.448,113.615,110.207,114.495,138.019,83.9312,91.7486,85.9849,97.3742,58.309,67.885,64.6864,106.367,17.1578,113.93,71.6516,100.828,87.0313,96.8553,88.9723,98.3753,87.7968,98.999,122.202,134.875,79.8059,135.308,140.205,66.3291,120.808,125.713,120.592,138.525,98.8648,56.9459,144.318,96.2358,104.979,91.6744,116.501,95.7271,97.8103,109.133,94.626,74.0051,146.029,86.1718,92.8518,118.505,83.0184,95.9936,141.562,111.087,157.002,127.671,81.7007,81.9914,104.854,97.4818,111.427,62.1096,120.91,133.984,106.434,105.537,96.2013,139.871,104.209,104.987,116.664,107.227,101.841,143.273,120.617,122.792
0,0,94.459,0.728424,8.27583,88.9766,89.5314,84.0314,84.1125,84.9651,99.577,108.402,96.1101,93.3448,93.732,87.8549,82.9589,87.7032,91.0727,94.0405,91.4841,89.449,85.1242,95.1996,90.9051,84.1776,89.0514,82.6171,93.1254,92.4062,82.535,90.0895,89.1008,70.0927,91.8987,87.791,87.8082,72.1715,80.0364,92.6426,87.6016,93.6744,91.2047,111.345,87.4093,98.6278,99.9685,95.5351,102.652,93.7243,99.8387,91.6833,89.0736,83.4304,96.1132,95.9769,115.105,93.4154,97.3507,99.1427,103.193,93.3764,88.8159,99.9275,99.9535,102.523,81.3154,89.6596,91.091,106.079,106.755,92.2143,113.85,94.9923,92.9274,93.7432,92.0368,86.7393,80.625,96.0489,98.8441
0,0,75.66,1.57819,23.8618,46.8045,95.1816,42.1967,73.838,33.8956,49.9257,66.6822,80.7171,61.146,49.8809,56.7321,37.9197,38.8849,90.9887,58.7496,106.73,63.4241,60.8842,48.0623,54.9968,66.8569,43.5139,46.4581,45.0452,85.4511,96.8982,72.3849,102.645,64.4268,54.0621,90.0327,55.0971,19.2336,12.2797,81.9582,87.2767,27.7583,93.2827,96.3189,76.8913,49.0359,63.1225,108.35,62.0631,57.7013,75.6706,82.0887,70.3235,79.6127,131.025,72.5289,29.1977,94.7529,92.8721,65.4511,138.447,84.1789,96.5077,105.176,46.2535,80.5116,96.6877,99.1238,105.017,105.558,56.6273,86.0682,108.623,83.608,75.6228,120.311,98.7724,83.5261,73.0485,120.327,90.2869
0,0,112.945,1.17817,9.939,114.015,108.256,92.3237,92.5714,100.764,102.82,114.148,108.051,117.03,110.785,98.6749,119.401,108.647,104.796,98.7397,112.866,113.754,122.623,107.3,106.327,117.651,118.092,114.465,115.619,107.401,104.558,107.009,110.35,95.0788,114.258,124.266,103.179,101.641,111.365,117.616,97.1998,112.908,114.08,111.614,111.232,126.276,100.454,106.261,112.663,112.697,123.756,113.938,103.457,130.372,120.57,114.362,108.387,124.452,120.23,118.583,123.064,130.078,120.852,115.151,129.94,143.685,125.385,136.784,120.601,115.066,126.792,120.67,122.085,117.511,118.128,104.062,115.071,117.759,113.6,117.177,109.283
0,0,124.059,4.64434,9.54339,83.1131,85.1222,92.0668,89.6587,99.6178,84.2025,97.5036,84.9015,98.4864,93.0662,107.592,92.3314,79.3709,85.9805,104.329,118.273,85.4697,116.453,120.894,104.179,115.281,121.534,114.545,118.532,112.063,117.082,121.663,118.943,111.799,127.374,129.463,115.154,118.167,135.504,124.015,102.052,121.243,141.193,122.71,116.103,114.785,152.96,121.224,138.555,118.485,140.491,137.557,107.569,140.282,145.418,149.331,133.145,135.544,137.834,131.318,133.644,144.577,142.562,163.852,144.869,156.842,142.056,163.101,161.866,145.517,147.364,171.218,123.193,145.69,154.845,140.523,137.288,131.02,156.288,167.793,167.841
0,0,130.737,2.52623,19.1272,123.271,112.15,128.939,110.011,113.341,117.14,86.5862,122.352,96.8519,98.7189,98.5451,86.1901,87.7439,76.3797,103.495,131.058,154.395,129.884,117.579,156.804,112.803,86.5429,121.857,87.9796,155.58,109.966,107.451,128.97,116.024,131.362,129.147,111.115,125.725,164.684,129.342,134.271,140.304,115.583,134.397,148.389,146.403,117.489,113.36,128.168,110.011,119.998,141.122,129.545,132.909,144.401,138.08,179.637,133.22,99.4311,120.676,135.347,144.908,141.652,156.441,141.635,129.049,162.383,108.392,160.103,136.837,145.924,148.644,144.958,143.895,168.754,159.783,102.745,145.648,172.834,151.035,144.431
0,0,114.019,0.430642,2.09529,110.54,106.134,112.109,110.54,112.804,110.062,111.477,114.162,113.886,112.167,110.948,111.542,111.008,111.596,114.761,111.527,111.223,113.592,113.968,113.73,112.981,112.185,117.151,111.926,115.354,114.139,112.206,114.693,115.846,108.782,111.209,111.307,113.249,117.314,119.051,115.991,114.704,117.406,111.683,116.574,117.127,112.371,116.028,113.022,113.665,112.933,115.133,111.016,117.602,112.978,118.66,114.636,114.109,117.487,122.483,115.928,115.438,115.289,114.671,112.738,114.42,116.927,120.455,113.849,115.26,119.061,118.954,114.827,115.346,117.638,117.911,117.462,113.39,118.249,115.627,116.642
0,0,86.5363,0.490489,76.7556,36.1559,79.3803,14.417,108.596,140.205,3.76841,105.528,110.99,132.414,30.0746,177.014,-26.5711,164.318,54.9016,115.453,237.054,80.0089,229.39,108.93,18.093,16.0867,-91.9905,69.6965,-13.7158,54.2928,-15.9093,189.728,126.121,55.1371,43.898,68.5844,-57.6328,110.468,140.327,110.272,134.822,-12.7983,53.5948,124.937,200.43,11.6554,25.4349,77.6324,211.469,71.1233,-10.6061,44.7587,43.1916,195.957,159.595,126.159,-8.29092,101,-81.1072,131.636,74.7518,-11.0709,173.732,111.723,121.752,52.9999,165.268,-3.77207,143.042,97.0589,95.4169,90.471,133.689,103.621,63.813,80.0073,3.16279,104.064,79.3411,89.8279,136.766
0,0,98.5125,0.545781,10.2275,98.3972,92.1774,86.0723,81.4904,86.5348,79.5703,92.8568,82.9865,99.7869,105.959,111.492,78.6519,77.802,108.753,91.5672,108.604,112.542,89.847,113.56,92.7709,85.7539,74.632,116.018,101.998,92.0038,82.936,106.347,85.5343,99.2143,95.1344,78.6058,112.345,93.3505,87.7975,96.4922,99.8058,94.6945,87.203,98.2741,102.507,105.975,120.459,106.985,105.054,102.896,99.2859,108.29,99.2532,101.773,106.121,90.204,82.7031,102.367,98.4807,104.288,112.047,86.4436,103.982,100.049,101.986,114.665,109.29,116.3,99.6733,107.232,101.898,115.439,93.9839,109.491,92.1155,92.3336,93.1797,100.543,113.962,91.5093,105.674
0,0,95.4282,5.69989,20.0365,47.6659,37.1915,44.692,62.3407,92.3674,101.426,43.8664,70.1327,64.919,89.5054,92.339,56.3918,42.5065,80.5512,45.7096,77.8775,38.4556,110.781,67.5193,85.2909,100.928,102.379,63.3974,95.2827,70.9563,69.2664,89.6376,84.6059,82.9018,97.9036,89.605,65.44,87.5995,86.4998,98.5151,93.871,123.086,85.986,93.8148,103.734,108.154,81.54,92.398,116.384,115.303,141.837,108.706,123.11,115.04,122.046,125.597,118.185,108.179,117.38,110.401,94.7285,135.547,54.4557,144.69,139.117,145.689,169.2,107.478,91.8745,114.389,121.702,134.546,137.373,129.087,133.685,112.399,144.045,121.833,134.865,126.569,129.708
0,0,84.791,5.19728,37.3417,89.3161,58.1418,51.318,33.384,75.4522,86.1631,60.791,76.9805,-6.70453,77.2811,137.221,47.5781,133.117,76.1031,55.885,47.6606,109.21,61.5315,82.8748,59.5011,121.331,103.13,99.1171,82.5969,125.043,47.9235,126.303,9.53208,112.305,74.5399,106.566,100.481,0.948582,207.142,74.6983,109.001,171.897,65.657,47.3511,102.476,27.1631,112.171,58.6243,79.4643,80.1769,69.5896,123.097,133.28,24.3709,142.495,87.5328,116.133,101.81,125.913,97.7395,66.7636,97.9766,69.3771,156.733,141.663,38.5603,94.045,106.608,75.4989,32.8542,124.598,144.491,49.4719,134.779,49.5126,154.87,82.1896,83.4093,176.044,163.181,116.727
0,0,147.435,1.52733,15.0039,146.063,121.659,112.555,154.081,136.506,153.849,121.639,121.125,116.974,129.379,122.897,141.167,153.701,152.712,112.281,156.477,142.675,146.633,137.037,149.899,166.316,125.144,134.151,118.841,140.851,147.787,159.01,129.574,112.12,151.579,161.81,131.854,142.929,161.514,151.039,130.927,157.822,147.827,150.798,161.529,146.781,162.72,166.827,123.604,125.74,131.816,157.623,111.559,163.581,163.553,141.07,155.979,118.64,133.753,123.419,164.746,156.34,151.839,146.712,160.229,160.133,114.344,145.234,136.13,153.552,161.535,156.742,176.295,150.375,152.482,127.606,175.256,162.368,178.001,163.372,153.677
0,0,138.36,0.757915,10.1244,116.964,140.211,127.44,125.531,129.589,147.13,145.582,133.132,145.747,140.887,138.244,129.415,162.996,130.507,144.157,145.712,151.445,131.907,138.482,131.427,136.557,130.472,139.742,141.428,144.92,120.254,134.31,151.258,143.109,137.087,140.423,140.934,137.456,126.386,133.953,136.622,162.355,142.139,135.294,153.199,142.455,152.483,167.836,159.257,128.72,126.35,151.5,140.422,145.775,133.392,153.172,144.619,122.438,157.955,147.815,144.384,148.441,144.537,139.667,145.4,159.121,141.799,147.282,135.425,155.97,161.833,128.793,147.992,140.603,137.515,142.644,153.417,145.838,146.434,142.923,125.016
0,0,122.27,4.95877,20.2069,103.851,75.9968,92.4625,107.763,94.9496,143.445,79.4911,93.3244,83.9161,98.8994,121.216,134.842,110.741,80.9154,86.1511,132.599,115.969,150.333,116.313,88.1457,118.241,120.061,87.306,117.335,121.878,95.5695,107.073,108.948,107.41,136.76,121.638,112.192,128.212,132.285,151.015,128.352,141.661,140.751,120.667,132.072,125.444,133.368,117.006,143.323,125.984,144.892,101.809,122.722,146.039,149.904,143.381,151.567,123.656,154.474,126.826,144.696,112.294,181.399,129.576,139.17,157.222,144.349,151.928,145.519,138.944,173.485,189.382,150.251,176.093,146.518,138.715,143.11,160.335,163.477,176.717,152.691
0,0,85.6086,2.71685,9.31879,72.2746,68.8017,69.0869,50.2421,58.4099,66.8356,80.3961,66.7773,60.7104,68.872,76.9966,71.8943,66.4783,91.2644,69.1395,80.9287,70.8844,83.0802,70.8947,90.5938,93.7238,67.3702,72.1269,85.6592,83.9156,78.5449,80.4951,61.637,83.9824,80.819,92.5889,93.5887,84.9498,91.3769,99.5214,89.0341,67.3936,85.738,77.1678,109.727,74.1335,90.4247,97.5205,98.3398,103.219,87.9462,93.8881,108.179,92.3605,101.575,96.7358,102.473,94.7556,92.054,93.5639,74.011,87.6454,117.662,116.29,89.6411,92.0931,87.734,108.434,109.563,100.099,97.054,109.033,110.743,105.256,112.433,105.252,70.4385,104.44,106.611,98.9596,115.972
0,0,101.389,0.200553,32.0655,82.3412,111.758,153.825,146.549,135.343,95.0452,54.5778,66.3933,125.073,116.79,104.34,100.524,82.2447,93.4589,114.691,98.2637,70.4937,139.734,121.19,106.05,72.6949,96.6452,101.342,33.3649,171.222,92.352,102.629,94.9791,147.149,132.069,150.728,102.371,72.5946,93.841,131.413,56.6397,108.483,110.567,128.694,104.589,97.4668,102.584,88.9087,66.3118,108.908,171.173,107.559,128.616,126.435,100.009,88.7531,38.0513,108.95,118.328,117.083,103.007,139.008,69.8374,130.898,55.0665,91.3025,139.698,128.141,83.8997,109.073,153.7,101.026,70.266,119.017,163.025,110.223,104.558,99.8237,86.3274,67.9847,72.537
0,0,104.89,0.301287,28.3112,83.87,99.6145,139.097,111.828,132.121,104.711,99.0381,137.957,106.64,101.924,55.601,105.413,88.2818,71.5004,81.1769,136.965,75.7872,100.959,77.9556,148.302,137.1,98.0971,91.9468,94.162,68.0738,70.2511,69.5305,147.037,123.521,35.9805,113.322,111.12,130.27,122.966,126.62,135.011,126.455,137.651,107.203,97.6885,97.9283,114.742,94.997,126.752,127.994,120.836,131.302,108.699,66.8412,75.8793,126.539,119.494,109.572,84.9995,70.3043,55.4397,156.331,99.0936,137.528,132.217,109.108,97.6389,163.325,163.524,88.968,135.097,108.044,143.839,105.316,107.484,145.44,104.652,93.0726,136.98,117.381,100.008
0,0,123.605,3.93871,4.41429,98.7165,101.492,96.3653,95.2608,98.1738,97.6118,101.718,100.634,108.012,96.126,102.299,101.903,111.916,107.812,111.812,105.19,103.125,114.48,110.735,109.181,114.81,116.325,106.173,116.782,111.513,119.299,110.311,119.747,113.736,116.894,128.409,124.444,121.848,119.106,117.626,129.264,124.508,120.937,129.788,119.901,130.339,135.979,119.194,127.049,133.566,131.209,133.476,133.819,131.145,131.979,143.302,134.149,142.112,135.157,137.431,132.176,148.197,137.963,135.163,142.159,154.859,142.819,136.501,151.651,145.938,147.282,142.963,153.762,145.282,152.426,145,151.238,160.129,159.247,152.721,156.208
0,0,105.403,0.951747,46.2605,87.7732,117.43,0.369718,141.324,183.352,81.7218,66.6987,7.33736,156.045,168.681,214.137,124.528,45.288,171.318,97.3337,82.2191,122.194,154.533,87.9426,95.903,151.804,143.922,105.409,138.959,44.1673,31.3761,166.35,125.449,160.433,137.013,108.706,75.8004,194.744,26.9807,160.393,21.7656,120.037,56.0601,91.2897,104.488,134.168,54.5784,157.32,160.791,82.0383,82.8474,126.065,87.5121,184.103,159.956,102.725,127.832,98.1868,43.2158,84.3158,63.924,113.193,162.486,40.3783,89.9157,217.768,96.1037,63.7251,132.148,161.72,99.8071,97.2457,74.6607,56.4597,105.779,29.9107,155.537,-44.4723,106.269,91.7229,141.073
0,0,83.5848,1.751,68.0838,46.1903,41.5393,29.5765,103.438,45.0956,-5.64597,93.4412,42.5566,68.406,23.2166,42.6621,24.9707,191.123,72.9775,36.3902,118.513,68.6056,54.8054,90.7989,7.63724,8.9072,119.957,68.0058,36.1402,56.2372,80.3158,-10.6181,158.183,107.561,132.34,111.555,76.7271,-11.2144,77.9722,61.6863,122.815,163.29,78.7644,103.259,114.195,164.577,-27.7659,67.0356,109.736,203.212,92.0904,43.1154,64.0272,152.613,110.192,164.847,106.167,126.225,45.354,79.1078,73.0683,72.7404,96.747,168.241,91.217,95.8151,74.1078,4.97172,126.622,108.449,100.3,-6.38931,236.916,12.636,-9.58217,-31.5233,1.12697,157.131,148.527,138.584,61.59
0,0,97.5439,1.19974,19.5865,103.93,73.5761,135.306,132.462,48.4523,99.4911,114.217,95.407,108.231,74.9869,88.1023,107.196,69.0371,122.236,86.31,84.1725,125.137,118.95,118.087,92.5226,43.3507,74.2131,82.358,116.937,72.5183,86.6082,101.073,128.435,93.1208,88.6415,83.1796,82.6438,97.2661,107.582,97.5436,114.509,98.0098,107.504,78.678,105.983,88.1579,107.598,87.1677,86.0287,79.6333,108.478,82.1304,89.4424,126.339,90.6653,100.131,72.5883,78.5432,112.955,104.532,85.6523,111.814,91.5688,89.6522,102.272,143.492,103.686,104.208,116.792,112.34,120.186,106.563,96.45,119.403,73.691,127.515,115.646,100.366,108.127,88.6339,75.6246
0,0,93.6035,0.435857,3.12399,90.682,87.4045,87.8602,92.4095,84.2578,87.782,91.0027,91.9009,90.7414,92.7118,95.215,88.2049,92.881,89.453,91.388,96.9791,94.7437,88.5547,87.3654,88.8369,91.2192,85.7246,90.1976,90.3538,91.3377,93.4897,89.3643,96.9814,90.0546,90.1026,94.5648,90.8778,93.0027,88.4578,97.9475,94.949,90.926,91.6253,91.7876,90.3368,91.1017,90.3893,87.0152,92.8085,88.7622,91.7111,97.2661,95.0804,100.85,97.0259,94.9867,95.8916,95.2432,93.5634,97.7509,101.235,93.7258,96.6488,96.1578,94.1826,95.4461,95.2512,98.4028,96.6941,102.647,95.1477,98.2531,102.299,97.4162,92.0728,93.5562,99.5854,97.9857,93.8323,97.7307,98.3363
0,0,112.511,0.0707851,3.5709,113.852,113.079,105.613,111.432,118.594,112.386,110.706,109.856,116.898,114.112,117.528,110.428,112.177,118.551,105.758,107.332,112.875,116.099,112.199,114.998,115.23,113.563,111.398,110.427,117.855,110.313,108.035,116.525,114.247,110.717,109.481,112.473,112.309,116.07,119.266,114.927,115.84,115.754,114.126,110.154,111.851,115.386,110.073,110.386,112.139,111.76,106.828,116.039,109.592,112.778,118.141,113.273,109.725,112.541,117.387,108.93,121.531,112.166,118.495,116.59,107.767,113.167,111.6,113.629,116.989,111.059,114.157,109.481,113.144,112.721,116.367,111.403,117.632,115.333,110.099,109.291
0,0,122.83,2.6648,0.20577,104.521,104.772,105.149,105.546,106.595,106.734,107.65,107.927,108.088,109.097,109.634,109.92,110.435,111.052,111.581,112.349,112.877,113.317,113.382,113.923,114.418,115.076,115.455,116.078,117.382,117.5,118.21,118.683,119.145,119.235,119.795,120.414,121.257,121.48,122.283,122.651,123.202,123.598,124.086,125.24,125.218,126.217,126.522,127.224,127.521,127.776,128.802,128.893,129.338,129.979,130.417,131.234,131.713,132.598,132.566,133.396,134.263,134.066,134.884,135.384,135.927,136.271,137.028,137.353,138.192,138.87,139.094,139.975,140.143,140.693,141.304,141.793,142.53,142.932,143.687,144.111
0,0,138.151,1.53153,46.5769,157.508,124.449,123.56,155.119,108.114,107.165,176.997,154.207,50.7236,46.2674,187.451,122.58,151.908,118.616,109.101,186.838,127.516,177.513,194.285,196.119,226.413,166.806,90.5778,174.981,148.827,165.116,136.062,239.019,168.197,152.08,80.5179,154.751,46.0676,178.585,195.058,162.24,148.837,160.458,124.683,167.508,119.972,111.304,178.524,123.555,174.68,112.37,120.074,137.881,137.622,108.792,122.716,196.069,105.002,87.0256,106.721,145.786,158.53,152.603,226.636,187.394,81.8214,168.306,136.446,189.484,99.1274,207.295,167.52,167.598,240.623,188.721,164.385,196.533,160.935,149.325,162.583,177.11
0,0,112.206,0.314547,1.33156,110.569,108.651,111.487,110.831,108.894,109.963,107.347,111.439,110.583,109.299,111.821,108.453,110.951,110.869,111.318,110.399,109.964,110.668,110.365,111.25,110.358,109.933,112.915,109.922,110.506,110.481,109.734,111.63,113.795,107.712,113.065,112.367,113.539,110.751,113.205,114.145,111.383,115.974,110.479,114.558,112.815,110.13,113.827,114.977,111.518,113.373,112.963,112.77,111.303,111.934,111.034,112.086,114.378,112.407,113.119,114.043,113.684,112.545,111.941,112.115,115.367,112.596,113.528,113.307,113.887,114.374,113.032,113.63,112.758,114.806,115.944,115.142,115.616,114.468,112.547,116.042
0,0,105.386,3.49752,30.2402,78.4285,90.9343,109.62,77.7545,103.819,57.6743,66.3828,90.9674,90.8984,111.756,51.9995,87.7784,134.669,46.1742,62.102,154.676,107.903,51.1892,93.5813,56.1633,164.867,106.139,59.7221,114.874,91.6767,116.562,118.487,85.4483,136.458,173.221,118.129,128.708,79.7898,70.3455,117.624,76.7183,145.568,124.081,103.242,136.173,122.785,152.635,121.472,81.9377,119.183,170.922,97.0299,103.488,117.809,124.504,112.648,160.892,110.888,118.711,111.282,109.552,121.165,127.284,79.8594,178.242,110.159,113.24,148.222,148.128,99.5571,101.1,151.467,114.755,121.159,126.774,158.06,146.282,129.001,118.071,175.852,131.013
0,0,123.653,1.12081,1.67156,121.233,116.331,117.955,117.679,117.083,116.264,116.901,114.775,119.447,117.937,117.987,116.447,117.275,119.607,115.738,120.013,119.518,116.872,119.174,118.056,122.441,121.016,116.485,123.291,122.742,121.258,123.189,119.549,122.942,125.45,119.536,125.996,123.814,122.854,124.823,123.292,124.36,127.399,125.456,124.474,122.278,122.616,126.181,128.999,127.045,125.03,127.009,123.672,126.301,128.561,126.499,129.672,129.504,125.056,124.037,128.531,127.851,129.603,129.141,127.772,126.712,132.046,128.551,129.522,130.076,130.723,131.231,131.44,131.249,132.974,129.267,131.199,130.442,130.583,131.458,132.474
0,0,115.307,0.368452,11.7347,124.634,113.73,125.717,110.552,112.782,136.062,103.332,102.105,124.757,97.8917,119.686,103.974,113.388,110.071,110.793,134.778,115.091,97.6313,120.857,107.166,117.742,111.56,96.6501,113.348,116.341,112.349,104.645,128.482,127.047,108.829,109.004,113.115,93.0079,107.445,118.954,113.348,120.933,127.044,102.187,117.304,117.57,101.531,125.191,118.176,113.21,124.586,124.494,111.405,101.828,113.188,103.714,115.257,112.444,106.148,117.137,106.222,110.147,126.338,100.741,120.344,130.076,129.169,126.369,109.645,101.136,118.569,124.704,142.955,129.573,110.266,125.102,122.637,123.041,120.068,129.541,115.197
0,0,113.336,0.443003,41.0219,133.508,109.413,71.2926,104.399,107.681,123.686,74.3352,85.6314,110.957,145,156.297,77.6583,76.5387,112.407,78.097,72.2819,70.8776,137.745,74.3997,149.143,54.1892,179.698,103.455,59.3107,58.4741,93.1405,62.78,54.2632,145.218,121.584,123.852,109.738,122.1,163.222,161.819,125.339,129.802,156.436,98.3824,159.201,108.332,96.1304,109.407,162.21,135.782,96.3101,81.6408,75.0653,99.9734,140.392,70.4966,144.644,177.276,69.9356,118.431,111.418,172.253,148.368,185.887,30.4002,46.1405,100.411,98.1615,95.2939,78.1269,103.583,115.522,133.041,81.2736,137.332,136.949,99.3195,102.405,131.705,82.7485,97.9989
0,0,105.528,4.33569,0.832877,75.1327,75.6268,76.435,77.8655,79.1745,80.4348,78.9136,82.1465,82.351,82.0837,83.4676,85.1761,85.1067,87.202,87.1392,87.93,88.0924,90.2249,91.6448,91.4304,91.3282,94.6051,93.2969,95.775,95.6081,97.975,98.7383,98.3392,99.0673,100.14,100.413,100.905,103.607,104.51,104.805,104.421,105.696,108.028,108.253,109.658,109.164,110.366,110.902,113.744,113.182,114.269,114.787,115.502,116.215,116.229,117.857,118.696,121.402,121.541,123.135,123.146,124.798,125.783,124.694,125.533,126.899,126.233,127.697,128.136,129.729,132.215,131.55,133.407,132.701,133.839,136.882,133.245,138.292,136.9,139.708,138.703
0,0,103.31,2.14119,4.33907,90.2332,92.7452,87.0206,88.9503,99.2351,91.2788,96.623,84.3688,93.9199,91.0542,87.6515,89.3878,90.8318,90.0367,92.5396,97.2396,93.541,102.869,99.4797,95.6809,101.528,94.4527,100.992,96.685,98.6952,102.757,97.0498,106.731,98.9009,102.981,109.306,100.317,105.116,102.663,107.882,101.015,105.336,113.338,101.645,111.03,101.936,112.493,109.117,90.6065,110.581,102.539,112.397,105.66,110.356,108.586,110.302,105.082,106.605,107.646,114.364,117.136,112.146,115.516,123.589,118.468,111.442,109.221,120.073,116.268,113.734,122.354,113.375,117.814,117.635,116.667,120.303,123.102,110.085,118.995,111.934,115.888
0,0,91.0299,3.24264,98.0306,137.021,134.309,158.677,69.7064,111.987,108.725,25.6692,247.219,-7.67481,101.28,76.3094,-37.6234,170.705,-17.4736,136.247,33.9277,35.9756,20.2237,34.0545,-14.5694,21.4052,45.6697,18.6737,145.428,207.435,197.667,109.139,122.987,48.3797,47.69,153.84,102.067,100.409,233.566,124.8,278.575,83.454,72.5765,153.703,71.5412,25.206,193.897,160.13,251.727,163.218,38.4032,131.146,4.30228,19.3397,138.571,231.956,193.685,80.2994,169.662,99.9826,130.653,9.04208,262.029,72.5369,155.089,150.035,82.225,162.48,226.452,191.223,25.8266,28.2042,198.463,189.924,32.3842,91.9311,35.4599,119.836,116.674,143.337,75.6654
0,0,116.941,1.5963,9.53762,104.648,120.721,91.3215,97.4661,119.997,106.632,102.757,113.196,116.269,106.583,122.296,128.594,115.836,102.211,110.711,124.333,119.643,114.693,125.928,118.82,109.968,102.797,106.91,112.691,102.045,116.138,114.678,110.981,105.99,133.609,115.688,105.53,94.5357,127.139,122.249,112.722,123.87,114.845,132.513,107.845,112.154,125.558,98.0808,118.369,125.673,111.236,132.615,126.07,125.8,123.136,110.272,128.235,136.149,135.749,104.914,117.483,129.086,122.838,117.314,130.994,112.854,113.544,137.742,128.084,146.199,118.244,131.562,112.058,111.184,122.217,138.661,123.008,109.844,123.616,130.137,127.151
0,0,102.927,0.560558,29.8493,117.443,78.8178,109.427,95.825,95.1803,53.0394,135.515,54.3651,107.796,43.9666,75.4708,68.3242,126.639,87.4964,110.64,89.3794,80.3469,92.782,81.5526,177.811,89.2543,108.439,81.9381,70.7524,122.238,109.613,82.4224,111.471,167.084,54.1534,71.1508,135.419,140.891,213.567,108.084,117.936,124.668,135.351,128.162,71.0116,80.5115,57.7928,35.4945,102.488,90.7512,68.6045,42.7911,95.1898,140.358,113.675,81.7801,92.6164,138.466,138.504,115.389,124.322,124.492,92.9838,79.9554,113.988,144.979,105.459,34.7321,104.777,91.5003,64.0381,142.769,125.765,145.66,126.239,136.915,75.3321,83.7827,122.488,87.1157,83.0468
0,0,110.725,0.373691,26.4256,112.496,136.935,124.438,99.5264,92.8209,103.019,103.626,139.969,115.467,107.803,89.6937,123.236,165.497,117.221,67.2442,101.164,100.761,58.5065,96.1106,38.7182,68.4284,122.618,128.338,114.288,133.887,101.962,116.229,134.011,103.49,144.721,104.446,69.6866,106.829,89.5176,80.5774,46.5039,107.575,120.14,99.6906,118.325,139.484,70.8022,128.623,129.019,71.6324,105.425,91.1189,137.814,106.838,145.328,112.469,85.0138,98.8737,66.0543,141.533,82.0643,146.489,134.063,108.105,111.066,161.317,108.397,95.9207,113.894,78.8026,160.61,140.256,107.357,164.918,111.679,83.664,98.1699,164.966,94.9945,91.5119,95.4216
0,0,91.1367,0.962097,33.0183,83.9465,77.5779,95.5527,52.6162,34.7163,103.107,168.89,39.2042,97.6994,123.522,79.5507,82.3057,102.5,119.768,117.272,105.255,85.1046,103.88,84.4652,129.025,103.782,51.0668,137.094,85.5726,53.3025,120.834,66.8797,118.242,58.1721,50.4081,105.902,99.2285,66.6786,80.0985,106.951,102.071,146.446,106.825,-25.1497,85.4827,115.201,138.182,72.615,72.6844,53.7642,43.4385,107.343,98.3586,96.4497,109.421,28.495,72.1166,117.684,95.0242,62.5895,52.332,91.4109,220.817,95.697,106.111,91.7123,100.686,123.922,62.4093,89.973,132.622,37.6884,109.336,80.7715,93.8912,101.401,69.2744,97.0467,54.5635,61.4083,103.608
0,0,126.068,0.56096,0.171464,121.841,122.201,122.357,122.339,122.755,122.673,122.811,123.008,123.112,123.318,123.261,123.413,123.315,123.428,123.318,124.084,123.919,124.163,124.042,124.178,124.477,124.552,124.619,124.908,124.872,125.064,125.192,125.324,125.039,125.358,125.259,125.793,125.572,125.79,126.066,126.234,126.188,126.562,126.64,126.457,126.548,126.754,126.813,126.815,126.841,127.407,127.397,127.479,127.679,127.697,127.674,127.831,127.725,128.101,128.11,128.304,128.292,128.235,128.503,128.887,129.079,129,129.099,128.651,129.486,129.422,129.481,129.584,129.788,130.047,130.053,129.753,130.405,130.22,130.45,130.657
0,0,105.727,2.64878,0.0775029,87.0858,87.7513,88.0555,88.7767,89.1477,89.746,90.2884,90.8568,91.3968,91.8344,92.4618,93.0031,93.4076,94.0953,94.5228,95.0153,95.6461,96.1681,96.6642,97.1865,97.6696,98.1959,98.7958,99.2103,99.8745,100.353,100.816,101.394,101.948,102.354,102.884,103.535,104.172,104.472,105.18,105.696,106.234,106.685,107.27,107.677,108.11,108.948,109.4,109.847,110.33,110.959,111.444,111.943,112.542,113.022,113.557,114.187,114.617,115.16,115.598,116.154,116.717,117.468,117.899,118.351,118.896,119.337,119.955,120.479,120.977,121.357,122.029,122.636,123.037,123.469,124.196,124.611,125.269,125.884,126.223,126.753
0,0,124.641,1.8002,3.5334,118.249,111.64,107.875,107.161,117.149,110.476,114.343,117.348,116.025,117.677,116.507,110.36,119.176,114.422,119.02,118.183,115.636,119.972,123.678,115.351,114.235,119.113,127.401,115.427,125.232,120.904,122.256,122.937,123.029,127.961,120.13,122.803,127.888,121.392,125.089,123.518,122.514,123.862,128.729,124.301,125.138,121.664,129.601,125.825,127.098,129.815,129.747,127.951,137.778,130.68,132.769,130.117,130.54,124.458,127.67,134.298,132.426,131.922,136.981,136.315,133.467,135.651,136.809,133.792,137.631,135.56,139.223,137.089,138.17,137.588,139.431,143.637,141.021,141.381,136.429,135.207
0,0,78.8397,0.509257,57.7089,116.227,80.2657,157.677,141.353,48.8559,52.5226,41.8178,177.211,148.907,179.232,156.961,22.8508,131.075,31.2291,4.43168,55.5955,120.031,-40.6629,113.989,24.0398,64.2319,8.0259,141.531,176.088,113.24,34.6713,167.99,130.22,36.9235,126.116,180.457,90.9584,103.494,38.1995,115.239,121.44,82.4233,-33.6873,102.747,90.2813,87.8289,-14.2936,77.1944,164.056,167.46,62.9231,158.198,138.328,-15.9009,75.5528,105.419,13.6274,8.93108,114.176,51.411,73.1144,103.412,13.2368,77.0394,95.1808,135.944,170.191,102.916,114.41,68.4419,95.7086,78.307,97.2749,24.3701,143.648,169.82,81.4644,146.064,151.05,101.936,81.1633
0,0,129.887,2.58059,9.26782,93.3345,112.146,109.029,108.047,121.175,113.797,115.353,115.209,109.972,134.361,104.903,114.244,110.333,130.765,129.798,106.39,110.031,125.48,110.284,126.937,133.162,116.761,102.349,132.393,108.734,111.93,121.542,122.436,120.104,113.76,119.47,117.87,119.546,136.544,132.763,121.149,126.978,126.095,138.343,138.143,132.214,132.558,134.563,134.591,130.712,146.508,133.764,144.965,126.95,144.939,140.096,140.161,132.323,143.704,153.535,132.578,138.475,143.067,127.57,150.678,148.043,143.686,127.534,120.983,146.608,152.692,156.69,157.627,141.364,135.489,150.807,140.389,157.967,165.332,144.562,155.328
0,0,122.691,1.67338,24.1464,130.109,85.5253,147.504,137.916,106.437,133.013,81.1272,145.875,105.919,160.505,138.729,123.799,129.234,83.5778,122.294,72.5067,136.053,129.858,114.772,142.056,80.7136,125.064,118.029,90.0368,98.3317,146.912,108.99,110.192,107.938,168.091,133.07,164.32,131.665,103.864,142.84,113.46,137.243,144.132,141.593,149.955,88.421,125.579,144.479,184.017,90.205,132.121,107.787,135.256,104.956,89.7005,106.653,89.6577,109.511,146.759,116.861,120.475,88.147,110.63,114.945,171.194,98.9221,125.397,110.029,106.943,120.975,92.6853,161.951,114.461,120.49,153.604,171.795,143.432,116.866,136.047,83.6877,107.754
0,0,134.151,5.68879,40.0702,132.463,79.7366,62.1224,136.349,102.654,32.9509,148.247,151.155,41.8225,98.2719,148.765,59.2781,170.586,141.185,140.012,170.872,87.8312,107.041,141.919,41.8482,55.1782,138.888,87.0235,70.8185,101.244,138.384,87.7754,149.063,105.138,174.557,142.47,182.366,108.228,148.11,54.8876,168.428,126.225,76.0454,142.693,92.9182,169.26,118.051,86.4236,139.562,118.554,178.506,134.347,51.6427,75.8133,125.091,167.973,156.595,154.003,186.177,159.243,213.275,140.051,130.184,121.417,135.188,124.394,184.414,182.565,188.932,162.292,207.221,262.891,106.699,199.361,134.776,162.109,191.214,221.698,108.666,101.854,221.868
0,0,76.1353,6.53844,6.47951,28.0524,38.9558,25.3492,46.5798,26.6249,28.5739,29.8527,30.7687,41.0013,42.1407,37.455,33.3342,43.0357,56.7743,34.2068,47.8117,48.6681,48.5824,50.8693,56.1212,56.3092,59.6289,59.1244,58.3703,61.4177,62.097,70.4677,64.7003,61.1566,69.8745,76.1168,80.9722,70.0847,66.1969,81.9677,77.738,75.4412,88.2224,73.49,81.1955,81.8116,85.545,69.4752,81.863,87.1848,92.8263,82.3763,87.279,87.2861,91.113,92.3907,94.2762,97.9072,100.182,94.1832,108.744,103.044,107.686,107.596,104.281,98.5613,109.322,112.983,111.377,106.354,118.707,110.685,105.938,115.973,118.132,126.627,120.142,113.367,126.794,134.765,133.506
0,0,101.434,0.417039,7.77761,98.5556,96.8092,114.514,96.5077,101.496,108.326,101.733,100.497,100.454,85.8614,104.617,90.6041,90.5351,85.9661,95.4172,106.742,95.0264,90.6991,97.1912,104.125,111.085,100.44,81.4239,106.178,93.8327,108.77,106.868,94.8968,99.0437,106.496,88.0324,80.7411,87.6481,96.3808,97.6466,105.838,98.8554,117.212,105.17,95.3896,100.813,93.6521,115.172,99.8052,88.336,108.115,110.948,113.022,100.792,100.716,98.3238,108.533,89.4952,106.489,111.696,108.208,94.1864,107.258,99.7051,96.0699,107.053,106.697,104.415,111.996,100.069,95.9644,99.9614,97.1893,97.4088,96.1483,106.121,95.0825,95.9297,103.141,96.7217,98.5465
0,0,109.721,0.767957,49.5645,119.114,92.249,124.794,67.4036,66.593,215.891,42.3149,155.005,138.049,199.301,23.35,148.266,106.95,111.756,161.479,61.8089,117.239,134.355,37.1675,127.364,103.64,150.55,187.259,59.8207,58.7694,130.442,90.5597,66.2974,8.87585,75.7389,11.3564,130.803,212.946,125.165,72.2592,99.1551,35.9852,57.7906,81.5125,137.771,147.93,72.1392,146.745,71.2287,162.993,88.9661,141.943,136.264,97.339,188.139,110.665,111.238,110.128,263.043,140.621,95.6683,60.6657,161.609,84.5165,69.8555,192.665,42.4146,39.5749,149.386,146.077,123.39,194.461,-19.3404,71.3149,182.904,95.6413,86.0857,137.756,189.453,177.148,81.148
0,0,111.482,0.152506,10.0758,99.7003,118.323,112.4,112.994,115.963,125.463,112.694,120.111,104.767,105.46,97.7076,81.0651,108.958,123.266,113.846,103.067,97.0845,116.029,108.567,118.55,111.527,105.627,122.958,99.7349,118.169,119.167,104.215,109.524,128.25,116.047,133.994,93.3901,113.723,114.129,88.241,122.157,115.299,118.193,119.267,107.722,110.101,111.661,109.347,98.6347,99.064,115.448,115.365,121.085,136.476,121.425,117.905,124.192,98.2876,100.885,104.877,106.792,107.139,106.622,121.959,122.893,110.971,96.3503,129.917,111.136,116.678,112.142,114.14,115.749,113.096,109.108,124.186,119.786,105.462,124.864,134.839,126.618
0,0,106.17,3.47607,24.2094,89.8878,120.357,72.4731,121.755,138.899,69.1445,150.867,61.168,58.2803,91.9911,130.928,108.428,110.33,111.065,89.7533,121.174,94.6766,129.737,49.3778,94.4375,114.055,115.037,97.6175,64.2495,56.5646,91.5016,148.065,134.692,84.4248,109.202,121.053,71.4718,117.536,133.813,92.0554,113.587,85.0009,92.1464,106.678,95.9529,125.225,120.096,117.169,111.459,88.3755,128.254,115.443,63.6759,124.013,109.732,123.018,133.002,126.552,120.74,122.455,133.917,150.522,119.487,123.416,119.779,171.756,141.2,123.719,147.717,100.199,111.575,124.062,76.6838,168.609,74.4978,162.706,178.358,134.04,124.736,143.592,152.59
0,0,124.939,0.942432,0.0961523,118.11,118.39,118.645,118.999,119.131,119.247,119.542,119.554,119.908,119.85,120.175,120.213,120.625,120.656,120.877,121.18,121.257,121.39,121.814,121.863,122.081,122.308,122.513,122.603,122.792,123.088,123.322,123.42,123.481,123.799,123.978,124.053,124.213,124.483,124.588,124.833,125.201,125.354,125.644,125.767,125.873,125.978,126.261,126.636,126.494,126.95,127.113,127.205,127.342,127.478,127.804,127.88,128.207,128.24,128.453,128.456,128.738,129.041,129.192,129.306,129.695,129.891,129.93,130.101,130.469,130.381,130.798,130.961,131.125,131.288,131.523,131.642,131.817,132.301,132.314,132.434
0,0,105.579,0.81069,61.1211,164.894,73.7768,78.192,94.6835,182.189,76.9212,119.882,36.4704,20.9329,104.021,163.951,3.80767,75.3039,97.6792,29.9143,45.4925,184.014,97.7096,203.053,137.467,61.3702,120.346,131.877,60.476,50.2955,116.214,136.102,61.6977,-22.7703,101.633,242.143,68.2211,130.172,84.5272,132.539,142.927,141.749,108.897,103.118,115.54,63.6827,20.8005,102.665,95.031,8.54221,35.4612,150.167,7.57296,95.5311,126.705,81.8639,156.762,83.659,174.154,87.0583,99.358,133.923,142.984,230.794,28.819,153.281,95.5488,100.233,-40.4505,70.7573,64.7617,-4.37724,193.012,59.3795,44.2449,79.8029,175.83,74.8557,42.4033,204.148,165.842
0,0,136.172,0.26871,2.32225,136.356,135.895,130.758,134.818,134.474,133.773,135.952,132.758,136.432,134.4,136.619,136.676,137.89,135.82,135.048,135.544,138.153,132.64,131.132,133.717,134.397,135.263,137.079,132.691,134.805,138.268,137.72,138.082,134.635,137.84,140.224,134.216,137.278,131.629,138.725,135.901,136.477,135.548,138.465,140.537,136.326,135.974,138.403,137.594,134.236,139.016,136.222,136.723,133.452,139.616,138.322,132.23,136.39,134.461,137.243,139.307,135.856,137.757,139.018,136.68,136.525,140.762,139.966,138.537,135.41,133.693,137.42,139.526,138.459,135.614,134.745,138.406,137.37,139.983,140.353,138.485
0,0,126.656,0.313458,40.2132,36.6211,165.424,102.755,165.665,126.771,70.7296,123.298,146.686,162.585,63.6023,41.6932,222.795,100.024,68.3089,99.7372,101.189,229.038,141.235,117.839,84.2588,141.167,168.882,84.1641,149.695,157.96,184.31,113.84,152.54,115.839,136.914,67.0986,161.048,115.868,95.731,86.5047,75.4755,183.834,94.3569,121.049,173.9,106.867,178.726,107.172,69.7584,130.46,135.136,210.571,102.079,71.129,91.504,181.357,93.1256,138.576,162.058,128.558,171.355,115.301,164.791,133.476,120.989,112.303,191.731,187.121,66.8427,148.528,85.2575,127.16,168.831,189.483,128.212,93.3355,116.866,155.684,148.681,132.824,130.016
0,0,116.892,0.501706,34.9834,131.6,121.363,147.199,196.589,98.6924,148.54,129.203,182.102,144.991,68.0997,132.209,116.392,135.49,83.932,103.186,97.408,61.956,116.837,167.461,92.9563,108.268,85.4613,116.471,76.5082,142.526,94.1216,152.409,50.4413,72.2757,68.1545,168.543,126.845,134.93,49.9541,120.631,84.8324,115.662,130.921,77.3035,154.771,123.774,122.131,105.965,109.865,170.043,74.5633,115.282,139.737,128.611,23.2863,111.485,143.539,117.914,98.7968,159.089,149.307,94.8588,109.937,148.635,85.0568,140.87,124.5,138.665,134.794,132.678,122.193,153.361,144.408,119.467,99.8367,95.814,129.526,191.065,88.7722,113.827,151.393
0,0,119.751,0.378886,30.7848,70.8937,159.169,94.6761,84.2852,94.6626,97.2509,162.837,143.804,119.719,137.031,104.697,105.501,151.617,83.9578,85.1604,109.121,109.42,106.05,55.9079,150.129,113.53,100.521,186.796,95.4388,136.045,78.7416,76.7063,167.908,120.874,114.919,130.477,108.017,153.639,108.857,141.501,155.97,77.4033,146.478,152.383,110.873,171.038,157.838,111.685,76.9756,137.174,117.102,88.8038,191.225,111.281,132.59,86.6913,68.9515,79.7198,105.396,99.3263,108.257,80.9205,132.268,120.732,113.226,138.065,76.4829,93.8241,46.0123,137.568,120.978,139.641,129.736,170.813,86.4987,118.128,114.951,116.708,105.067,138.624,115.087
0,0,106.053,1.16534,22.0132,73.6794,114.449,82.9895,97.6516,98.8838,36.9425,127.748,94.0161,108.734,126.658,152.122,76.0434,119.437,92.1561,65.0465,105.511,102.111,120.631,90.9919,126.132,127.271,118.482,95.3546,149.325,80.38,131.487,117.842,73.8345,88.4249,90.2023,122.211,120.886,101.069,112.465,118.604,135.084,83.5291,85.9241,85.13,133.562,108.957,107.087,108.942,119.138,95.5716,103.593,139.897,119.619,131.414,122.92,91.0418,83.6201,86.3955,128.454,125.093,145.557,127.608,105.27,96.5786,113.047,165.374,110.934,124.038,151.029,109.723,86.9582,97.8987,137.759,93.9817,118.163,88.6362,101.853,121.212,123.123,91.0302,137.886
0,0,132.213,2.94481,25.1872,104.45,117.589,130.509,80.2959,102.74,116.452,104.861,87.3728,103.49,150.965,126.223,111.428,121.263,121.57,92.8372,114.162,141.308,137.469,111.348,138.411,123.051,170.422,116.416,129.183,122.21,142.949,165.477,156.035,138.686,115.051,131.163,119.095,137.015,112.213,69.4746,183.68,176.239,144.783,120.514,175.004,175.864,133.285,120.443,149.589,133.167,145.698,190.436,148.081,168.214,138.783,125.012,130.477,156.312,175.508,101.048,134.51,139.866,162.633,160.982,192.828,141.498,147.337,140.6,131.244,140.43,144.022,205.127,202.373,181.46,170.193,148.427,172.22,139.537,194.648,152.43,171.725
0,0,119.071,5.80575,6.6454,76.1101,85.2748,88.0501,79.3239,80.5458,88.5459,97.6065,84.6095,93.7093,77.8225,90.4721,90.2353,103.801,91.2886,96.1007,97.3048,92.5224,103.532,116.276,118.623,101.567,105.439,116.598,95.426,95.8383,100.023,117.78,114.879,113.675,119.321,133.707,121.64,113.47,115.143,123.051,126.33,124.28,133.817,129.829,129.231,112.377,131.142,124.892,131.453,139.892,132.151,128.968,125.861,138.359,142.362,147.623,126.475,134.015,146.41,144.308,142.507,154.363,149.872,146.032,144.857,150.811,150.737,145.278,147.736,150.247,140.889,158.128,161.816,165.737,160.064,150.447,148.68,150.678,166.075,175.696,162.806
0,0,95.1176,3.59054,3.5735,65.5223,71.039,69.9834,76.7856,78.999,76.3414,77.6814,72.2327,75.2117,80.947,85.3428,74.9605,75.7994,76.1238,83.1856,79.4995,85.8916,78.9717,77.9877,82.1027,81.8595,83.0632,94.0265,90.0785,84.015,93.0976,87.2519,89.285,97.1359,87.9088,90.791,95.5061,97.8093,97.9488,89.112,94.9809,98.4158,96.9409,93.6219,96.233,94.3608,100.556,93.0507,108.837,99.7759,107.749,110.76,102.866,101.418,107.682,104.066,106.274,108.067,108.914,104.298,111.814,107.104,114.486,107.349,112.861,113.386,106.997,116.889,119.323,113.3,114.327,117.022,113.347,117.489,121.101,119.949,117.922,122.043,119.214,123.211,124.277
0,0,150.331,0.203565,21.465,163.024,195.624,89.7522,164.793,155.117,155.011,145.342,142.413,156.277,192.411,119.284,138.317,163.386,106.555,164.854,169.199,141.752,160.798,136.804,125.012,168.915,156.977,145.807,158.051,140.794,160.739,195.557,201.327,140.128,147.335,162.197,113.976,148.845,120.299,148.296,140.508,151.792,147.099,167.333,161.394,149.563,158.4,184.054,107.553,175.295,106.173,175.205,165.588,162.798,135.993,123.086,156.633,166.997,127.827,146.892,121.115,131.565,86.6421,111.202,158.232,149.072,180.664,163.111,131.041,160.372,138.241,131.842,137.719,124.209,132.599,137.942,195.293,146.234,135.821,132.643,152.069
0,0,127.707,0.378732,14.1813,135.961,142.808,133.15,129.51,117.485,137.389,129.978,129.909,153.482,123.438,139.357,132.723,136.58,114.425,133.887,104.624,123.073,135.502,109.334,143.63,133.692,118.992,127.272,133.118,137,127.982,122.475,82.43,132.921,105.308,135.064,120.114,112.004,136.772,151.842,112.803,108.541,129.834,120.257,143.781,123.945,119.349,115.632,118.575,140.003,126.365,135.501,127.118,108.815,133.084,128.382,129.28,117.706,124.031,122.256,129.033,123.031,140.711,112.185,145.346,137.151,131.496,96.3852,130.159,122.721,129.684,131.285,118.329,145.517,134.594,165.542,141.288,151.964,144.201,138.001,145.704
0,0,143.867,2.3564,29.1685,180.412,93.3914,119.157,32.6334,129.456,71.4974,140.888,138.264,100.137,132.807,129.563,121.682,101.274,178.572,71.9141,78.3247,124.051,104.013,172.373,119.163,133.2,125.061,92.1157,103.337,154.755,156.484,115.414,137.45,106.834,118.938,129.704,114.828,179.711,67.3063,114.155,162.944,113.969,159.078,96.8616,171.873,167.303,123.592,139.802,117.65,115.957,134.863,118.494,186.341,143.251,152.2,134.845,130.693,165.757,175.477,139.618,175.623,152.326,157.436,154.3,127.406,117.178,180.641,114.395,131.932,199.694,188.046,188.271,146.635,114.487,170.046,145.904,153.552,171.716,168.036,186.472,183.938
0,0,46.4822,0.866695,11.0365,29.6878,70.3319,34.3176,40.9976,38.6291,36.2902,42.6274,36.2052,39.7417,58.4488,31.7165,40.3718,32.9746,45.9015,32.2999,21.5281,52.4554,51.3766,39.1477,54.1732,42.4049,41.1991,35.6304,44.2642,41.2686,28.5929,41.6379,39.9245,50.1145,33.0973,33.8793,48.633,50.2236,35.1226,28.6151,52.2402,37.5301,36.3095,49.06,46.6736,48.3143,32.1843,46.2119,49.9206,65.7268,55.9471,32.544,34.5125,31.0747,33.6995,32.2441,60.3227,43.3012,31.8601,51.4151,47.5165,68.0031,61.8086,34.3815,50.2837,58.6218,27.5514,40.2351,62.7553,77.3706,40.3137,61.3674,56.7758,49.9135,27.6612,58.3059,57.3344,48.7038,59.008,49.7287,30.3684
0,0,131.376,0.414552,10.6645,119.454,132.289,128.24,132.422,121.187,128.719,133.889,136.357,126.402,105.033,154.921,129.022,124.115,139.35,137.884,120.762,116.121,114.904,141.585,137.227,126.972,94.1259,137.192,120.922,130.649,117.44,128.925,146.516,138.714,138.522,119.952,117.99,142.699,122.431,120.099,144.621,117.431,137.255,109.939,141.676,127.026,120.892,135.618,133.417,132.398,133.562,117.383,133.259,131.705,130.606,126.722,109.963,136.902,144.518,115.199,133.422,121.734,137.907,142.954,143.503,132.377,132.768,131.739,142.123,117.782,146.221,150.409,132.946,130.824,144.606,144.18,145.253,109.388,131.702,132.354,139.134
0,0,106.267,0.0832868,19.1286,87.8779,66.3243,112.808,97.9527,116.73,119.547,129.253,118.83,124.438,102.194,133.53,99.7362,109.04,88.5743,124.568,115.842,112.955,116.799,144.293,95.9997,113.165,108.11,100.176,128.305,118.506,93.805,109.505,89.9478,65.9555,86.5207,74.4079,119.674,96.3775,86.8909,133.093,132.516,106.267,76.7398,109.016,88.4776,104.523,90.891,83.0722,87.8533,126.898,107.314,99.1007,112.129,98.0455,119.238,95.9549,85.6037,91.6792,131.233,99.2103,108.856,117.161,145.82,94.3898,123.44,85.9571,75.6895,113.316,131.35,107.932,72.7708,135.218,76.8445,139.312,103.618,85.6727,121.474,101.765,121.207,73.0109,115.979
0,0,137.268,0.62109,136.315,155.506,4.58533,-57.0549,384.728,219.626,200.962,140.421,131.158,308.683,-14.9471,89.9138,186.513,67.7833,36.451,121.76,110.89,13.5351,33.8846,58.1024,253.72,154.616,127.147,78.0083,-53.9576,368.531,89.5534,33.4536,-63.66,63.0524,-46.9509,321.336,122.272,374.27,348.303,103.487,-166.071,-2.91309,234.381,-27.7152,181.872,207.708,-30.4459,247.357,85.8899,89.592,30.8693,115.637,118.335,119.685,107.574,126.766,53.3984,222.319,191.705,122.986,143.653,103.716,255.028,222.702,237.334,227.68,191.023,398.383,-3.23892,259.413,63.5697,-31.827,266.94,111.066,363.729,301.788,138.656,249.265,-11.1815,187.978,221.605
0,0,87.2374,1.75958,21.0448,52.8417,74.9669,91.4837,30.5008,61.6845,72.3839,63.7461,56.6741,37.4388,70.181,76.6735,63.2951,89.3242,51.4259,73.3768,59.2679,94.8264,61.5559,103.693,115.906,59.8846,88.5796,97.5388,67.302,68.0168,115.632,94.133,78.1987,109.315,96.0657,110.942,101.712,67.2975,80.0612,92.3283,73.2295,95.0339,88.7405,60.582,112.747,64.365,107.851,121.32,88.512,74.0322,112.837,93.068,42.6258,76.0507,97.6686,80.9788,86.9755,116.018,94.1227,75.997,102.626,83.8558,92.6929,59.6944,85.3882,99.0466,97.7005,108.082,106.301,100.898,102.684,114.733,95.3597,113.703,92.7322,63.8195,92.8415,87.7864,110.478,116.247,92.7584
0,0,146.34,0.892687,6.16919,133.412,144.342,137.213,138.765,152.168,141.141,146.543,123.434,132.142,141.659,149.084,147.147,153.122,133.339,147.376,125.703,150.949,136.696,141.542,150.046,142.569,141.909,144.536,143.707,143.996,144.792,146.112,136.246,158.426,147.737,134.941,145.951,143.145,152.758,142.949,149.625,146.054,147.265,147.091,160.817,146.481,144.067,134.933,141.171,146.8,145.34,146.489,144.785,152.875,149.912,147.092,154.146,156.695,159.188,150.104,158.305,146.547,145.613,152.023,144.949,157.988,147.394,153.911,166.13,158.948,153.738,145.083,151.071,148.628,150.317,161.357,142.51,166.505,149.74,168.797,159.19
0,0,138.694,3.5288,45.6082,254.226,159.465,130.416,131.682,112.906,114.147,75.5182,45.3248,86.2828,134.946,93.9865,110.388,218.817,49.1921,91.2127,76.4266,211.11,163.525,116.368,145.747,231.078,106.407,136.995,140.896,150.585,108.849,134.176,52.5824,196.566,76.7971,132.552,181.711,271.049,87.5878,101.141,81.9098,163.071,118.701,94.4992,114.467,95.0116,138.463,160.542,97.4775,148.667,167.012,96.178,160.182,193.071,81.2532,171.088,139.063,218.741,137.108,181.385,210.555,173.873,152.257,221.626,146.901,43.5955,86.7409,122.184,131.343,140.242,172.919,214.613,195.584,205.733,85.3178,195.157,203.537,145.776,168.621,143.762,181.421
0,0,113.244,0.475015,28.6081,152.284,77.7551,118.172,99.7776,121.662,140.116,108.397,155.954,113.288,141.66,117.663,83.9869,114.884,107.34,145.414,106.85,125.563,152.709,70.473,61.4898,121.424,81.6908,89.2733,107.422,108.334,123.199,94.7628,110.717,103.272,115.48,73.6966,157.984,73.6836,133.895,134.131,137.921,121.437,90.6979,152.306,158.505,116.682,164.257,146.324,79.4574,93.1803,61.1205,150.65,102.299,195.665,107.715,119.774,128.248,145.881,101.077,117.618,38.9922,114.411,107.972,113.729,94.1718,144.315,103.87,166.005,118.827,104.839,142.468,120.936,99.9083,138.262,66.8154,46.9085,155.529,115.225,126.178,94.9106,113.328
0,0,122.038,0.474268,75.2803,89.5717,165.674,54.2863,273.98,183.042,129.213,60.4455,124.134,168.564,157.955,135.672,114.234,67.7061,317.878,29.4603,217.217,94.5789,-60.3928,146.911,171.431,112.31,189.155,10.5898,59.7052,81.4063,124.007,132.024,237.213,52.3115,194.282,186.696,114.342,63.907,114.848,75.314,88.8358,139.336,96.5049,45.9356,75.8766,159.679,189.625,246.378,122.21,151.42,99.1255,163.003,77.7339,166.537,228.665,44.287,38.1692,35.672,108.751,72.563,171.37,84.123,87.713,115.866,120.112,173.279,182.769,202.01,131.188,122.583,211.022,53.9961,97.0584,32.8793,205.158,68.0594,181.018,26.2277,-15.2755,106.948,142.469
0,0,82.3051,0.612496,27.9646,51.7525,135.308,116.636,77.9628,142.39,70.4723,79.4451,84.448,96.1003,53.9789,70.3215,95.5855,134.702,101.437,55.6865,95.0072,92.2682,45.5672,95.0251,71.0604,93.1607,93.2681,91.8445,91.5828,101.146,83.2457,104.295,74.3055,118.642,100.116,123.841,86.6135,76.8304,87.8459,71.5431,30.9846,107.65,37.9605,101.344,80.6692,86.5399,87.151,146.512,97.9767,79.7147,77.3542,32.7687,107.977,134.96,18.7919,87.3778,105.094,97.3944,78.0206,66.9031,83.3399,60.9051,75.9185,55.3237,129.831,48.1017,69.6888,95.3088,97.0801,86.5586,104.428,78.6412,34.0891,115.982,78.5244,41.9153,58.3272,64.2082,83.1264,90.2067,107.687
0,0,51.7482,1.94337,6.21086,27.8679,39.8199,43.7867,33.8811,52.2934,42.0381,43.2533,27.9641,54.9612,40.7108,50.6513,36.099,41.0379,49.2994,55.0371,27.0302,44.7645,32.3889,36.4665,36.2249,55.4074,37.2558,44.6117,54.9272,43.1813,42.8029,43.7771,48.4662,44.583,45.8516,45.9133,56.2954,55.7745,54.638,56.0202,51.896,48.4829,61.056,51.7687,44.6448,66.0786,63.9766,53.4192,53.3608,59.7644,60.6112,56.1927,69.0621,63.3488,51.3799,49.4854,65.2534,51.5489,50.9429,58.7077,64.9387,49.5807,58.1882,63.7516,53.4172,57.5598,61.9841,59.2536,61.6649,56.1941,66.0797,55.6703,55.6289,65.0897,57.964,60.572,70.2679,67.628,60.7883,63.5857,67.2506
0,0,98.9487,0.870626,8.28564,83.9828,95.7529,88.3713,89.0455,90.6013,93.7294,96.2814,96.8713,102.6,90.9281,97.2192,101.199,97.2137,91.2019,83.0261,95.8323,112.245,102.059,93.6555,94.7595,107.443,112.145,98.5953,95.3985,85.3174,107.562,113.862,104.152,102.756,84.5234,82.3032,95.4048,95.109,96.0552,106.259,99.804,86.1457,96.6996,109.467,107.705,111.745,111.446,91.6661,93.5994,100.164,81.8904,98.9248,86.3436,108.515,85.0256,96.4192,107.272,87.9984,95.4785,91.0474,96.6554,98.7115,101.158,107.153,90.8395,108.901,111.532,107.267,105.541,112.449,91.5553,124.695,107.577,115.7,94.0861,100.964,83.2262,112.694,109.063,95.1238,92.1816
0,0,95.8764,0.134489,22.0958,98.097,73.8498,71.7818,115.369,106.326,89.9072,80.4675,99.3151,105.656,102.694,128.996,112.623,104.199,107.155,54.5861,111.537,109.259,97.5946,86.1454,83.1766,95.6467,117.159,131.046,111.504,94.3674,79.7266,80.708,119.05,130.206,114.814,85.6095,98.4239,89.0524,92.7583,131.828,113.438,100.633,103.607,134.325,139.793,129.303,63.5022,82.2475,81.3644,90.6438,53.7499,103.844,97.744,102.056,111.01,95.8988,68.1505,81.7977,90.8326,99.5481,113.777,94.7107,118.96,53.0304,131.502,121.17,91.9621,110.414,109.405,119.772,100.658,126.09,75.545,123.117,150.175,75.4345,100.253,75.3134,82.689,65.8693,105.504
0,0,117.507,1.87584,6.70746,107.99,109.269,97.65,111.627,108.831,111.617,101.313,107.536,99.2649,117.899,102.867,107.759,104.651,118.241,112.83,103.125,111.93,120.147,123.571,105.918,110.937,114.067,104.794,104.351,115.222,109.795,113.39,108.129,121.671,111.582,109.091,104.529,137.033,123.36,119.198,112.973,115.832,117.119,116.152,117.982,130.633,118.199,131.701,125.417,120.94,126.002,117.869,124.354,117.903,123.201,131.567,128.269,133.495,114.836,120.279,134.024,115.53,115.54,116.979,121.432,131.757,129.801,118.903,125.093,128.275,123.755,134.587,125.987,131.8,140.149,135.623,145.468,134.535,133.311,123.595,123.615
0,0,99.9339,3.15259,9.44668,80.2413,77.4592,91.7026,78.0189,88.4202,74.9552,57.6956,97.8482,81.8195,83.2067,96.6508,76.751,98.6607,96.6845,102.163,94.8509,94.9467,85.6013,80.3806,93.5756,89.4063,93.4784,93.7121,79.2811,82.2235,92.3144,87.6954,110.758,110.082,111.785,117.445,109.9,106.34,93.5853,111.9,118.593,103.811,77.5689,105.644,102.443,99.1778,96.7038,119.323,121.473,99.7403,101.855,102.267,104.929,121.46,127.499,104.235,110.119,99.4308,110.903,121.213,115.544,109.849,120.557,124.082,104.554,99.823,128.209,113.192,119.014,120.082,111.28,120.429,126.929,122.277,113.775,129.884,138.824,117.109,121.38,119.484,136.339
0,0,126.448,0.844445,64.2015,44.3933,1.87149,71.2907,88.4384,106.891,34.4107,74.6574,86.2966,183.083,181.215,72.1747,102.983,132.467,84.5397,98.5231,112.373,135.205,248.889,120.416,24.9621,158.615,33.6734,235.253,259.361,11.6023,207.567,74.8894,120.884,65.8216,187.465,222.395,127.906,79.4669,15.1967,-20.2307,87.2949,145.303,256.531,-27.0039,184.705,106.8,243.478,160.124,153.028,134.355,149.97,32.8683,152.985,95.6877,151.62,128.914,281.046,120.915,145.375,155.143,121.185,121.255,100.233,177.918,207.684,115.159,11.6594,93.1297,193.451,88.012,86.0003,228.088,120.449,120.69,90.9045,200.512,179.53,191.54,51.3022,51.2338,229.536
0,0,114.58,0.343792,60.6691,55.3817,197.278,210.053,133.937,2.35785,131.291,131.176,217.829,193.768,64.779,66.8756,45.9495,213.307,167.499,95.9495,116.991,47.0079,164.004,7.64627,151.71,159.991,102.407,-6.48623,56.8501,95.3949,21.4482,189.837,80.5814,201.409,42.567,147.285,142.271,35.964,126.215,156.048,109.567,152.124,70.5673,160.073,175.253,206.438,233.135,96.5751,41.457,113.426,152.604,206.889,99.7952,136.019,120.023,137.124,110.745,50.5991,211.895,166.328,123.41,131.372,80.9748,183.133,97.7443,235.267,73.3174,78.3943,165.462,208.851,68.6646,168.302,161.443,155.151,118.187,93.4393,191.533,52.765,46.424,122.232,139.152
0,0,108.035,0.499503,23.6521,92.5852,106.339,95.909,86.1298,97.1996,61.6958,124.837,77.0955,94.2313,105.667,113.7,124.944,88.3947,127.514,126.175,127.076,80.3257,142.007,120.128,125.881,91.4779,90.4579,149.145,144.275,108.504,92.4204,120.597,123.185,101.056,79.8574,122.071,91.6829,93.1634,116.4,110.739,109.647,92.3578,96.2681,114.688,133.578,90.7373,103.444,95.458,118.994,136.517,84.8094,121.291,131.023,138.59,106.269,110.689,120.258,106.5,80.7461,104.645,117.737,123.872,128.084,108.969,120.17,89.5443,102.221,94.5301,141.023,97.4649,131.818,111.914,117.607,96.1372,95.6105,135.446,87.0486,97.0924,118.278,69.9046,68.4541
0,0,105.239,0.600475,1.22812,98.7034,100.131,101.668,101.865,100.141,102.15,101.337,102.02,101.218,99.3911,102.558,102.124,102.268,101.259,102.39,102.681,103.413,104.286,101.756,102.501,103.688,101.528,103.473,104.611,104.089,103.585,103.394,105.305,105.373,106.257,103.67,108.55,105.349,106.852,105.886,105.832,106.666,105.493,106.289,104.669,106.268,107.586,108.017,108.301,107.188,106.675,107.211,106.891,105.989,107.044,105.733,104.298,108.071,109.257,108.27,105.863,110.314,107.434,109.217,108.022,109.768,106.951,107.062,109.741,106.764,110.429,110.632,110.9,110.689,107.768,109.481,107.101,107.014,107.159,111.112,109.192
0,0,80.1285,0.127775,24.0631,65.7687,93.1506,99.2528,97.3735,72.7012,45.3012,78.7585,50.1414,71.1228,67.2119,86.1036,24.8206,67.395,86.7925,91.0005,123.794,71.8467,63.5603,63.0047,96.74,101.325,83.4511,27.8027,64.3057,125.761,89.0955,100.527,96.7953,47.1443,55.677,98.7711,34.4849,98.9752,124.459,91.6345,51.2265,61.8945,64.0977,57.8857,66.8302,74.1153,113.159,99.7352,59.4423,69.7404,49.1727,59.8983,63.4365,92.8938,98.8411,84.6004,110.175,90.7939,20.7993,112.48,65.7051,48.0197,36.3766,75.5787,84.7354,132.258,40.8879,55.9243,75.2418,99.1592,71.0704,79.7196,54.0892,99.038,53.2979,77.0011,35.0576,108.921,89.2263,58.7453,100.671
0,0,141.468,0.475852,13.2225,142.403,141.523,129.576,138.862,124.776,110.44,152.988,134.8,122.793,126.286,132.931,144.575,145.12,129.854,154.15,175.356,133.408,142.189,128.246,146.923,104.037,149.148,132.047,135.247,117.102,134.91,145.102,140.428,138.144,150.792,148.656,141.44,150.875,143.38,143.817,146.575,152.954,141.663,151.368,151.384,154.314,138.397,132.697,147.355,144.594,152.869,142.837,137.676,131.863,127.893,148.268,146.136,127.709,140.816,139.168,156.697,179.494,155.95,132.428,160.507,116.777,153.926,156.072,137.872,149.973,128.239,147.445,140.596,140.491,129.628,133.476,152.806,141.846,148.258,158.412,141.935
0,0,107.384,0.509594,13.1152,102.896,94.0647,101.521,98.0161,130.188,91.0164,73.3122,94.1203,92.5559,95.2194,103.537,103,132.661,109.493,112.737,92.2242,102.897,137.507,93.9718,93.7797,100.126,98.5992,103.754,99.9435,98.9867,109.403,102.713,105.048,100.169,124.912,120.847,113.306,120.417,87.7044,114.515,97.5777,107.081,125.526,109.327,113.134,85.5926,95.8963,118.534,125.775,86.1001,127.555,111.185,100.64,108.466,122.753,107.762,104.203,114.63,113.818,93.6166,105.186,118.124,111.958,91.3066,92.4899,104.355,109.558,117.682,111.386,112.547,110.667,103.864,100.762,123.783,117.384,97.4735,92.0991,123.231,121.133,125.694,115.633
0,0,124.404,3.21614,12.4455,116.549,96.5745,98.5708,106.458,93.2052,128.558,101.166,123.789,98.1875,93.8475,114.328,130.648,106.458,117.02,104.428,88.7981,103.124,103.314,82.7451,132.224,101.571,127.284,131.114,139.18,107.257,118.065,113.785,125.409,133.278,105.246,126.235,137.404,134.161,151.289,116.776,146.601,128.302,132.013,124.469,115.306,131.166,126.367,144.83,140.926,129.699,127.468,122.237,105.272,131.542,140.758,147.982,131.776,135.714,136.066,144.571,131.027,119.162,157.055,128.593,145.829,151.484,166.76,135.834,160.011,163.867,151.675,128.218,140.038,135.777,139.584,169.241,154.886,144.905,124.515,152.423,120.977
0,0,108.022,2.52341,15.251,68.1729,106.305,90.612,119.965,76.3874,103.364,79.2971,87.0511,87.4014,83.8471,123.517,92.2162,83.0606,73.4529,86.7126,91.9722,91.7312,104.838,81.574,115.292,85.3441,96.6843,119.54,117.978,123.388,117.7,112.968,110.115,106.339,114.016,96.8052,125.846,108.961,121.145,93.8654,112.16,119.006,100.027,119.217,103.292,110.921,113.743,122.499,138.243,98.7966,97.2689,96.6337,95.3332,116.589,119.961,91.0721,106.522,125.575,103.967,135.719,117.496,121.116,113.261,104.084,137.439,101.629,129.147,121.273,96.4769,114.074,101.376,124.988,115.238,114.426,120.043,115.127,126.324,117.805,128.468,138.855,137.879
0,0,110.139,2.06482,11.9761,113.366,104.097,109.335,91.7056,96.4514,104.447,99.7672,104.856,118.779,97.6341,104.152,82.0437,106.983,97.4179,120.621,97.5625,101.699,101.812,105.717,97.2379,88.696,118.022,108.97,96.8898,100.743,110.044,107.734,108.553,112.397,101.016,101.055,118.288,118.489,94.6929,115.428,118.821,92.016,119.876,115.722,132.964,122.686,97.4026,106.066,127.873,129.295,108.266,125.36,97.9447,109.022,126.206,116.092,123.035,87.9273,120.548,117.107,113.248,124.774,113.036,158.899,108.165,113.282,107.141,122.713,132.033,118.537,139.433,111.775,115.516,126.54,115.796,125.905,121.285,117.061,142.244,114.167,112.741
0,0,115.056,4.5168,2.56978,81.4236,85.9668,86.8247,89.828,86.9444,90.1262,88.6442,91.6041,94.3849,88.2197,91.0857,94.1657,95.1152,92.2181,95.5574,94.4281,96.685,100.547,99.0142,97.1194,100.748,104.166,105.133,97.4763,103.94,104.038,109.385,106.107,108.168,105.598,110.177,115.808,108.799,115.585,116.974,113.375,114.982,117.849,121.33,116.702,116.911,121.354,116.93,123.273,125.328,122.495,120.443,123.043,125.56,126.628,127.129,128.475,128.127,131.659,132.42,135.253,136.669,137.741,136.505,131.318,139.559,136.226,139.771,139.94,140.848,143.808,142.984,145.448,144.086,146.386,149.522,143.191,150.698,148.753,147.495,151.522
0,0,105.003,0.184674,0.368975,103.578,103.761,103.833,103.88,103.817,103.307,103.566,103.752,104.306,103.411,104.404,104.391,103.997,103.644,104.283,103.863,105.099,104.616,103.776,104.095,104.698,104.694,104.946,103.471,105.578,105.15,104.787,104.729,104.952,105.046,104.65,104.397,104.553,105.481,105.016,104.448,104.787,105.115,105.031,105.483,105.241,104.969,104.864,105.769,105.567,105.628,105.201,105.452,105.443,105.073,105.305,105.636,105.458,105.373,105.703,105.722,105.937,105.916,106.201,106.396,105.599,106.407,105.958,105.437,105.949,106.069,105.879,106.467,106.469,106.097,106.633,106.714,106.541,106.451,106.737,106.778
0,0,112.519,0.232693,0.983051,110.543,111.735,111.519,110.945,109.795,111.437,111.936,110.419,110.823,111.165,110.39,110.919,111.624,110.819,110.582,111.595,110.602,110.482,112.244,111.973,111.536,112.464,112.174,112.237,111.266,112.377,112.266,112.695,112.369,110.521,112.949,112.102,110.425,111.936,113.855,111.745,113.094,111.402,112.721,112.637,111.346,111.555,114.332,112.018,113.938,112.69,112.942,112.091,114.315,113.93,112.599,113.773,112.155,113.528,113.83,112.024,112.294,113.96,113.272,113.677,114.85,113.196,112.568,114.871,114.49,114.311,113.639,115.079,114.467,113.478,115.151,114.705,113.177,114.806,112.946,114.758
0,0,114.53,0.51525,2.41496,110.08,113.062,115.715,110.619,108.367,114.315,106.853,112.592,113.585,110.038,115.057,110.592,113.717,115.983,114.133,115.385,110.204,112.928,113.614,120.114,110.451,113.462,108.151,114.629,112.435,113.976,112.047,117.432,112.577,112.697,113.184,113.663,112.961,114.731,116.923,113.212,108.993,116.32,111.357,113.536,114.95,117.135,113.587,118.314,114.514,113.415,114.501,112.315,114.026,116.638,114.287,116.221,117.554,117.228,118.455,115.442,114.868,115.675,113.947,114.787,115.447,114.862,119.542,115.796,116.632,118.17,118.257,115.933,113.875,117.553,114.571,115.108,112.317,121.03,116.208,122.468
0,0,69.4599,7.89775,93.7893,126.617,-11.1092,-75.456,14.7717,-71.4866,-5.22734,71.5695,-127.297,99.8126,64.6327,-33.5308,-48.1245,43.5916,-28.706,-73.9771,200.501,150.622,-8.24536,-15.1105,207.069,-44.4466,159.743,98.673,142.122,150.214,119.675,165.827,36.507,22.8726,63.7691,75.9684,42.5567,-77.7483,268.834,174.786,53.596,3.4481,184.106,4.99231,25.6114,16.9279,-7.36243,10.9123,78.7108,157.269,20.3501,9.5845,68.7043,-8.49261,-20.1142,148.978,201.612,218.291,135.177,80.6835,87.5687,211.053,217.344,162.684,278.313,71.2252,25.4613,180.031,122.798,249.655,125.423,126.478,123.689,248.745,246.444,176.049,156.787,114.492,247.649,23.7427,160.425
0,0,104.516,0.740023,21.413,129.344,78.6185,99.6218,84.1796,73.1237,117.624,99.7074,107.257,84.6216,84.7941,136.193,96.9409,89.3837,114.928,105.525,116.625,115.23,127.563,98.3464,112.247,80.9992,94.2451,82.9582,119.128,92.223,78.0526,107.033,91.8876,49.2853,85.6773,79.1912,113.096,116.394,136.718,120.309,113.016,102.977,122.817,120.399,86.9197,85.3752,82.052,120.57,79.6414,112.239,99.8544,124.984,75.3854,107.221,91.8187,104.98,132.613,122.477,138.55,70.6303,124.793,104.263,86.6802,142.709,97.5288,108.368,115.705,148.761,133.96,99.0216,106.561,117.976,102.604,122.623,126.8,149.287,113.825,115.996,95.8346,164.533,104.884
0,0,115.142,0.993688,18.8646,129.116,91.7254,120.054,99.2962,127.675,109.428,95.2514,113.721,107.668,112.169,124.669,49.0508,101.384,138.079,102.056,91.4901,84.3221,124.172,107.768,99.4973,139.319,81.4798,112.251,106.518,124.624,114.566,153.176,133.57,134.326,112.004,137.503,131.734,87.1832,141.09,109.297,100.773,137.847,138.115,118.69,85.9586,100.718,118.538,88.2836,108.857,101.034,84.7646,125.505,79.4633,114.877,116.633,98.3461,112.601,105.945,169.093,93.1087,169.052,110.373,134.722,91.2284,122.419,112.05,145.26,121.778,131.428,112.746,104.127,124.759,124.778,120.368,109.271,154.087,110.034,135.259,124.359,129.695,118.619
0,0,102.319,1.07457,5.97587,96.8718,97.4168,87.3456,94.5106,94.0692,101.236,96.9305,88.5282,100.764,91.8264,94.5935,103.988,92.8538,97.5931,95.6463,99.4192,98.0419,95.7144,93.7777,93.45,108.267,105.889,97.6835,104.806,102.775,99.8383,104.629,87.6423,104.646,96.9855,102.913,101.69,103.087,110.591,104.643,99.9407,96.0423,100.79,108.147,107.409,104.353,98.4816,91.8813,114.768,99.721,108.561,107.695,111.649,101.041,110.387,118.672,112.215,105.256,117.785,86.3494,104.336,115.043,103.595,109.53,109.912,107.935,113.664,106.215,105.418,108.115,116.801,107.355,113.274,117.102,105.191,119.814,106.886,110.752,113.691,103.715,116.692
0,0,97.1764,0.492863,2.27248,94.4815,94.9118,95.0878,94.0271,93.7237,93.1459,89.7806,90.2798,93.8335,92.779,91.3053,98.3407,94.5008,91.8026,99.1582,93.4194,96.63,96.1635,89.6404,96.0413,95.6601,98.4645,93.6538,99.1897,99.6539,95.3039,96.8955,98.3378,95.6801,95.8008,93.9978,98.273,97.3667,93.9612,97.751,96.869,97.0136,97.1678,96.9139,97.9977,95.8061,97.3622,99.2227,98.2424,98.2455,97.637,93.413,100.119,100.94,99.162,99.6006,96.4543,96.6616,98.8489,99.3658,100.196,101.525,98.7321,99.3137,92.3877,101.706,99.4659,101.485,99.8831,98.7938,98.3126,104.837,104.734,101.918,102.285,102.583,101.302,105.855,98.2992,104.202,102.088
0,0,107.645,8.04742,36.7066,97.8183,91.749,18.5621,45.9307,47.7058,90.1156,98.1132,70.1604,80.2894,110.085,96.8636,29.6111,98.9513,89.6839,95.8567,108.789,94.2309,43.993,94.4765,18.7513,119.404,89.8376,86.0932,62.7558,130.131,87.7258,62.851,150.673,119.682,116.461,83.961,74.7679,85.8055,77.4313,66.608,113.109,41.16,100.898,88.395,176.612,87.854,95.328,84.9111,122.447,124.176,124.901,126.917,125.983,81.2095,109.386,67.0848,200.152,150.384,129.118,84.2547,178.447,129.767,160.571,177.589,129.757,117.618,129.197,137.362,154.771,188.385,66.7491,204.985,123.249,104.156,198.577,196.293,167.312,111.229,143.377,132.592,195.757
0,0,135.242,0.60567,20.7265,135.563,107.441,124.15,154.146,123.131,148.82,141.129,127.715,129.572,122.482,132.848,122.373,161.863,153.687,126.254,154.807,101.67,154.939,129.638,136.467,156.865,106.679,139.214,105.78,148.805,126.97,167.188,95.9782,147.261,129.407,104.868,151.973,169.596,173.441,132.03,136.944,119.237,138.91,168.267,156.788,158.274,135.733,119.741,143.258,145.82,146.91,113.898,121.694,127.001,119.48,148.82,153.314,105.323,162.88,126.026,108.868,155.754,123.709,134.235,152.849,125.363,144.991,165.005,157.622,163.894,150.037,128.386,114.467,163.748,143.472,142.533,131.562,118.516,143.536,134.535,131.435
0,0,108.585,0.715331,47.2378,67.8238,124.994,85.797,119.931,130.796,67.0037,81.6509,121.13,105.26,127.715,82.8373,101.577,105.718,52.1177,25.558,52.1302,153.415,63.8049,104.058,145.76,130.737,172.271,111.741,34.9599,82.2004,205.838,57.2117,114.243,177.406,79.4644,204.569,29.3589,169.937,111.814,113.007,133.83,124.043,-2.7583,171.865,158.826,152.007,140,138.06,94.4474,170.932,71.2178,122.304,71.6191,164.226,138.894,82.9242,166.938,109.029,65.4132,70.2455,103.34,165.687,95.2016,114.701,86.6077,191.971,122.123,143.818,131.095,139.494,172.915,179.288,162.025,146.182,95.1621,19.171,24.8961,184.35,188.596,168.15,79.5327
0,0,90.6126,0.746937,2.83108,79.8281,86.7929,83.4036,86.6028,85.8882,88.2818,88.0174,88.712,88.3492,86.952,89.8931,86.1775,85.278,90.7101,88.2682,88.4863,89.7725,94.0817,88.5232,84.7819,89.0386,88.3034,86.6708,90.5124,89.6225,90.2547,89.0866,82.5709,86.852,88.9633,90.1424,91.588,90.4594,90.4704,91.3287,85.5926,88.4795,90.7466,91.5357,92.2958,90.7784,87.4363,93.7398,89.843,91.9555,92.7006,93.1143,88.4235,88.0855,92.6284,95.3591,87.5056,92.6043,94.2601,95.1617,92.1569,90.9309,92.7814,100.694,92.7009,93.9846,92.3496,92.5235,94.4733,96.9711,100.663,94.1183,92.6269,95.2137,88.0145,99.5383,104.159,94.4375,98.7938,92.8796,95.4197
0,0,107.101,0.467492,6.45374,99.9336,101.765,104.051,106.408,99.0473,104.291,96.2155,105.631,95.9402,102.007,92.996,95.476,99.9824,98.9281,102.809,108.675,107.93,106.348,114.641,104.059,97.8385,99.5567,117.434,114.472,105.268,104.558,103.131,103.179,99.5078,111.597,104.768,100.997,104.245,102.984,114.41,99.0647,105.564,114.453,98.6346,113.026,105.459,107.278,103.1,98.5665,106.506,104.76,112.075,104.454,108.827,105.089,111.371,111.053,111.765,101.56,114.947,104.728,108.741,101.646,114.724,111.14,114.587,99.8536,107.547,111.833,107.518,106.03,114.051,109.348,107.372,110.1,122.181,118.33,114.684,100.897,117.882,125.108
0,0,94.2065,2.86773,84.4096,-5.94973,15.6705,-43.6736,11.1937,171.415,70.264,10.2638,152.32,280.93,-18.0397,183.326,167.853,213.053,145.371,-7.78996,96.2663,100.105,61.1509,76.9224,119.174,31.1067,25.1913,28.7533,222.996,248.139,-20.8065,-23.3181,24.6723,26.3464,223.443,107.415,161.217,34.5205,191.334,120.665,44.3294,77.1345,308.944,232.898,4.70566,57.254,67.8211,236.276,314.955,125.044,220.576,168.179,158.851,129.793,79.9914,160.612,175.323,142.776,6.64936,295.409,86.5936,112.6,62.6143,68.8772,183.6,47.2668,154.777,92.0881,189.776,3.41237,-31.7358,44.8127,44.4874,228.742,70.0927,137.257,254.526,271.34,38.3727,140.539,181.432
0,0,105.916,0.178155,3.67071,109.159,103.454,108.361,100.667,100.048,100.723,101.981,104.324,105.398,108.713,108.071,106.538,108.022,108.436,107.329,95.2444,112.744,105.901,101.357,100.357,108.661,109.315,103.584,101.083,100.57,103.041,104.571,100.865,102.761,105.057,112.207,109.195,105.113,103.217,108.36,101.534,104.982,108.537,98.6544,109.321,109.359,105.641,108.975,111.605,108.587,107.984,105.061,100.233,106.487,104.238,107.082,105.11,113.029,110.176,106.791,99.6337,112.109,107.213,107.891,106.112,114.442,100.17,103.013,108.743,111.792,104.605,113.776,102.842,106.348,105.968,108.203,105.243,111.302,107.882,114.793,108.039
0,0,110.24,0.460307,1.5393,108.913,111.01,107.818,106.775,105.28,108.492,107.649,104.028,107.997,107.115,107.977,106.423,108.527,108.953,106.557,107.705,107.187,109.52,107.064,107.773,106.293,108.444,109.057,109.896,107.994,111.572,110.76,110.796,107.61,110.445,110.007,110.305,111.794,108.406,108.472,111.132,111.243,108.74,113.614,113.315,110.96,109.995,111.638,111.649,110.647,112.703,110.168,113.212,112.762,112.097,109.842,107.595,112.135,109.669,111.891,112.46,113.396,111.617,110.547,111.063,112.92,109.465,111.583,113.116,112.84,113.997,113.744,115.151,111.168,115.35,113.38,111.711,109.089,113.098,111.337,114.827
0,0,112.871,2.328,27.2582,104.227,91.5866,69.4405,65.233,79.5182,68.848,91.2098,134.959,111.369,110.748,95.98,114.094,124.815,37.672,68.5822,98.0826,120.556,79.695,103.944,126.179,97.022,128.585,90.4552,111.688,101.311,149.876,90.7364,138.912,123.371,123.781,60.5416,104.384,96.7304,112.667,79.7736,85.7858,127.612,140.574,93.031,101.349,89.372,129.205,167.976,123.2,118.367,117.515,66.4093,109.433,109.368,131.734,100.45,171.569,99.25,137.475,126.134,100.621,121.185,114.486,165.805,134.61,131.783,147.732,135.005,124.49,85.8181,162.143,122.505,120.496,91.9916,160.352,147.166,104.67,154.753,104.862,123.952,141.893
0,0,143.889,2.67785,2.3577,126.876,127.457,125.178,127.031,124.299,128.586,127.968,128.637,130.997,128.723,128.915,133.107,132.093,130.446,132.902,132.606,133.395,133.678,139.344,131.002,132.278,136.993,132.218,136.658,138.188,140.797,139.057,139.64,139.008,141.229,144.008,138.339,139.999,145.172,146.513,145.974,139.549,142.543,146,146.931,145.968,144.86,145.559,155.031,148.298,149.868,150.4,150.996,148.178,150.003,150.471,156.516,151.348,156.049,152.64,148.231,154.416,158.494,156.87,160.386,154.489,156.372,161.357,161.595,156.17,155.442,163.055,162.916,161.012,164.872,162.773,162.062,163.417,160.931,164.637,165.284
0,0,126.434,5.15489,7.58495,85.4614,94.6615,84.4344,98.7525,96.1129,99.5046,86.6934,100.608,101.58,109.501,103.996,100.876,96.115,111.858,87.7443,100.623,113.862,97.688,125.097,117.235,104.084,110.359,111.569,117.123,119.883,125.612,108.676,118.623,112.432,122.454,100.99,103.058,110.293,115.286,127.811,121.344,118.349,120.831,124.255,128.206,124.572,123.309,138.454,129.72,115.667,126.154,134.745,137.715,140.595,149.876,137.951,140.672,143.253,136.114,134.804,140.104,143.351,151.903,141.436,134.957,147.423,142.85,150.524,169.102,170.84,160.076,144.753,170.373,169.64,163.307,159.428,155.792,165.827,163.89,176.772,174.04
0,0,92.3827,2.54388,22.4447,33.4249,105.925,114.913,57.5548,102.395,43.8048,38.3594,54.8679,40.7815,76.0826,95.8817,107.7,40.1669,105.62,61.667,104.947,87.1642,50.7232,129.028,82.8877,69.0385,98.2546,38.0388,62.6409,86.7368,58.8626,87.1581,114.572,102.167,90.2224,51.6238,70.7068,61.5249,56.8746,91.1396,117.165,101.906,91.5332,75.711,101.578,83.7866,49.8876,91.377,112.009,99.6024,77.9148,160.564,110.891,77.3561,82.514,70.3704,120.569,100.748,128.204,92.5803,92.9454,107.762,88.7191,89.9951,133.12,114.861,101.707,100.028,74.919,86.0186,62.1337,83.3781,108.533,134.398,152.278,159.505,121.946,107.493,149.099,136.671,97.5486
0,0,98.0526,0.22962,9.89823,104.606,79.6101,90.1548,92.6572,90.3904,86.549,119.624,100.589,93.1139,91.0278,89.6742,85.035,110,98.0713,90.4977,101.435,85.9343,100.083,104.118,102.625,80.6477,116.503,131.693,106.962,86.268,98.1324,78.6247,93.1158,82.3418,93.4632,103.519,91.9875,88.9358,109.252,98.2163,100.305,107.713,89.5407,110.43,62.8325,99.3422,97.9926,98.5129,92.7355,114.887,100.516,99.6223,108.844,103.669,98.0876,87.1641,102.032,94.6418,93.7269,88.6201,108.128,104.567,101.552,89.5378,93.2557,104.109,77.8652,94.4159,97.7764,92.1217,106.245,84.8519,99.5741,109.024,90.0289,107.514,93.7366,107.486,115.125,88.1391,110.89
0,0,94.9899,0.473182,5.67186,93.0662,106.429,91.44,87.5747,95.3894,93.1039,98.2273,84.0527,91.3087,92.4503,107.356,92.8795,84.5165,94.5281,105.818,90.1702,99.0263,103.222,87.8006,96.6143,89.6747,88.4638,97.1284,100.252,95.7268,93.4347,94.3315,90.4823,95.5367,88.1496,101.409,101.874,99.571,81.0317,85.2216,89.0209,82.6434,85.8353,87.1145,97.9989,87.413,105.388,92.4252,93.4557,96.5196,105.846,102.595,97.6822,102.832,96.857,103.492,96.8488,99.0872,83.7003,95.8124,96.2135,84.2379,104.607,88.4262,97.3304,99.818,94.721,91.6899,94.6273,95.5497,100.744,102.659,100.997,98.2383,96.0684,95.3586,101.799,109.756,111.043,99.0767,91.0973
0,0,85.8218,1.04325,8.28942,84.1909,72.3008,83.4202,90.3364,74.7606,80.7224,84.1744,88.5852,76.5642,95.0491,73.8864,81.6306,78.5658,81.4364,84.7974,79.3849,87.1195,67.538,78.0781,89.974,86.1071,76.7551,79.4643,77.5329,92.9618,82.3926,91.7002,92.657,94.2498,91.198,110.731,82.2305,88.3806,72.3161,88.6795,86.4919,80.4072,77.0974,85.5968,86.6751,77.3038,84.8677,78.9087,73.5825,106.215,86.5446,89.7834,91.5998,100.896,100.644,74.3088,99.1545,100.883,95.2058,94.5937,97.8266,95.2025,85.5086,93.394,73.0762,101.593,81.2336,90.3221,93.7572,84.4269,92.8259,89.6884,83.9599,89.856,96.9273,81.728,108.163,96.7639,94.9404,105.81,104.215
0,0,114.228,0.235579,14.6612,127.858,99.9391,107.696,100.003,114.775,102.865,93.4554,118.175,95.8878,119.059,99.4068,129.596,118.709,99.0098,90.9453,104.261,85.7893,96.0336,127.886,108.768,102.317,115.481,113.721,115.391,117.59,112.079,111.249,92.4427,98.8223,81.2273,109.584,151.803,123.223,117.875,119.606,97.9974,109.605,120.922,127.471,135.726,139.361,96.4634,96.122,119.579,142.931,127.203,128.197,128.972,102.16,109.391,123.796,121.119,102.04,130.175,103.153,112.119,93.1083,124.92,102.56,92.5972,119.434,118.581,109.959,118.498,109.506,130.112,98.5473,103.323,122.381,108.29,104.089,100.972,139.11,113.401,109.053,122.115
0,0,113.552,0.480434,54.7788,74.8818,3.62904,126.922,55.8293,129.415,94.2103,35.4246,13.4161,89.564,153.06,67.4449,76.003,112.795,159.504,170.492,125.822,124.607,76.9337,97.0079,168.056,23.3588,108.628,73.8528,148.642,113.197,90.2861,92.2603,155.473,92.0577,250.081,129.529,55.3956,213.769,24.0738,143.068,167.582,122.094,188.15,39.7284,88.2495,106.346,73.9015,39.8751,17.6934,168.498,185.962,94.2343,215.761,46.3096,181.577,34.4417,326.052,159.273,115.059,166.136,128.148,103.834,101.233,126.088,132.234,141.261,63.499,126.382,191.986,162.812,115.316,125.472,100.558,148.239,119.237,107.919,85.5335,117.933,144.352,119.156,176.562
0,0,92.0233,8.46292,48.9817,12.5536,35.5678,-76.4446,-66.7205,8.03339,69.5685,34.3842,29.2958,39.9461,47.4135,102.458,57.724,21.3619,75.5715,75.5267,80.5087,23.0459,44.0645,-110.555,-19.3505,26.6552,87.7622,92.765,157.961,35.5167,113.807,92.1697,21.5269,68.9742,56.3804,120.86,61.4953,61.358,74.4227,-2.74992,96.6823,99.4994,146.459,176,144.435,80.1762,99.3789,189.046,101.54,41.0947,40.6392,146.681,103.665,38.363,195.242,93.2598,195.743,69.9198,78.6043,154.644,110.61,113.921,110.747,125.117,173.244,114.836,140.625,134.157,159.518,148.412,176.904,188.158,202.682,194.776,90.9068,168.809,128.012,173.235,179.255,131.08,133.485
0,0,120.596,1.50469,21.0245,148.465,112.896,117.505,128.033,128.628,97.5007,98.8951,97.8419,125.669,125.449,126.319,133.85,115.147,106.754,104.689,112.004,152.504,115.733,118.766,149.789,140.602,106.057,101.974,99.5301,91.8269,118.858,142.177,90.5089,112.139,137.649,105.75,92.4875,117.861,91.0794,128.683,141.538,117.83,121.842,138.391,141.592,88.5036,123.901,110.943,153.973,119.316,88.2816,128.993,134.718,148.021,91.3807,127.855,85.2016,63.6296,129.635,165.981,119.293,139.885,162.341,126.061,98.2355,88.3734,153.047,127.228,139.478,171.704,131.824,118.648,168.402,129.291,104.36,122.044,94.9998,120.731,118.859,144.17,147.426
0,0,98.9549,0.711281,23.6875,98.4867,115.366,82.9497,28.9608,118.617,113.666,105.169,112.766,99.1512,73.9827,101.299,119.825,104.005,111.162,133.577,92.1508,150.121,96.0357,103.39,84.2296,54.1664,84.7774,150.066,46.9711,89.0178,71.2097,75.2178,38.7917,64.6701,100.879,156.509,92.3357,71.0482,80.706,82.937,114.04,85.0056,117.724,97.78,106.187,70.8489,75.3889,73.8732,84.8379,105.85,86.5698,138.077,93.4419,104.713,113.322,53.5667,110.541,105.468,108.423,104.693,96.6162,112.009,65.4498,62.0505,101.76,106.458,83.2983,88.9994,78.5637,146.543,123.624,64.6512,92.0346,67.5739,147.691,109.424,82.2316,84.152,120.577,92.9711,117.978
0,0,79.1919,0.601285,4.28696,75.2299,71.5114,69.7748,76.0908,80.0688,73.4613,75.0179,71.8945,76.7684,78.8781,69.4062,76.6333,65.8439,64.9725,76.8533,73.7882,78.5826,75.3638,78.0988,77.0387,73.9284,77.6036,85.8311,76.3661,74.253,79.566,79.428,75.7789,77.951,80.0023,75.4958,81.7078,77.1716,76.9363,75.799,81.3148,76.5089,86.8425,74.5858,80.8467,84.1396,78.3263,82.3511,73.6795,79.8223,78.0782,88.5392,79.5499,86.4683,87.847,82.4641,84.7454,83.3686,83.1464,81.6741,85.4972,80.2923,82.2007,84.8264,83.984,77.7668,81.1938,81.3068,88.0119,80.9024,78.9827,86.8092,81.9305,81.423,90.3506,75.1926,82.5055,88.8453,85.0596,86.9492,87.6184
0,0,109.436,1.00791,27.6249,119.688,68.3045,132.251,119.027,99.5684,69.1475,100.399,70.1683,97.6193,69.4707,94.9927,110.411,121.076,73.8087,120.815,95.1142,97.7814,162.737,105.245,82.7858,115.396,113.135,102.659,118.513,97.2491,60.1073,114.327,139.505,75.8789,163.736,104.153,119.567,122.652,113.684,132.751,79.2006,145.493,71.7685,95.2337,139.839,131.946,84.3464,100.81,115.747,135.452,117.324,134.839,116.663,100.066,139.611,86.6545,101.02,133.587,119.915,132.875,76.7799,82.5692,144.96,119.26,46.5208,84.9722,134.041,89.1636,140.372,124.205,152.198,77.4748,129.968,110.766,138.535,142.528,113.847,152.543,81.609,79.4235,170.401
0,0,138.129,4.21754,1.12994,108.058,110.913,111.739,110.41,111.244,111.523,113.002,115.085,116.052,114.579,118.042,118.244,119.13,118.447,120.186,123.429,122.712,123.433,123.197,126.811,124.868,128.555,126.677,126.592,127.043,129.782,130.646,129.919,133.471,133.328,135.926,135.132,134.792,135.136,137.211,136.863,138.935,140.586,141.013,141.019,142.357,143.701,145.208,142.806,146.77,147.575,148.213,147.609,148.053,149.025,149.255,153.578,149.727,154.519,155.433,155.515,155.457,156.315,155.951,157.855,157.588,159.443,159.48,160.004,162.565,162.121,165.072,165.878,165.758,166.887,166.822,168.765,167.228,171.049,171.647,171.766
0,0,98.5322,0.550106,72.2947,6.55613,126.614,123.801,131.18,34.2607,27.3153,48.4456,98.9586,148.553,43.8009,273.233,180.112,128.841,130.667,94.181,-35.5991,-49.729,86.5158,62.0761,68.0213,14.8407,-26.5183,102.422,172.363,7.04975,-22.575,95.5137,5.92687,-10.3084,55.1474,99.1607,180.456,-23.6025,155.165,98.6436,75.1876,116.927,97.6584,10.1815,28.4061,152.343,99.6411,161.751,34.9586,84.8738,111.791,94.6351,159.802,71.639,173.937,84.9159,11.3038,232.936,171.985,100.86,113.462,-3.77702,85.592,100.177,153.776,41.8552,142.599,132.966,44.144,54.3394,68.645,57.1189,169.741,124.886,22.525,245.641,64.2955,191.152,73.2727,6.61636,91.567
0,0,104.192,1.39861,2.14217,95.0178,96.148,94.7013,96.3466,90.2033,95.625,94.0447,99.0289,95.2931,100.169,99.9677,93.9519,101.246,96.949,95.4446,98.5049,93.9394,97.1521,99.6625,98.219,105.629,102.795,99.0695,97.9998,98.3597,101.047,100.924,101.581,103.099,106.541,101.265,101.81,96.7561,104.271,103.065,102.749,103.305,107.118,104.438,103.99,103.098,103.48,108.208,106.776,103.274,107.375,106.183,108.683,109.959,105.805,109.5,109.324,108.76,110.116,109.427,108.984,108.733,109.692,113.815,108.92,110.585,111.51,106.7,110.709,107.363,110.912,114.204,113.198,112.906,111.979,114.282,112.861,113.753,109.655,116.645,118.275
0,0,139.006,0.700008,38.1863,157.82,83.7516,125.571,153.589,211.31,152.58,99.6162,110.309,122.113,130.043,168.387,119.229,113.048,147.604,98.3357,135.168,85.7045,139.035,172.062,175.473,170.498,126.613,93.2751,145.255,118.774,143.154,108.796,163.527,88.251,232.221,134.431,177.897,121.095,159.27,146.408,121.277,171.631,191.759,156.812,135.25,141.059,171.915,153.633,122.81,65.3132,108.176,102.018,141.418,154.952,221.393,93.197,130.072,98.4081,165.523,119.52,136.326,150.611,161.687,205.351,153.22,84.4893,92.2402,130.16,92.3054,109.942,60.3756,135.683,140.922,131.275,125.312,111.124,144.232,155.813,146.17,135.863,138.412
0,0,126.256,1.69812,73.4916,200.04,170.05,76.7397,14.2807,85.2895,117.209,102.99,169.678,120.471,96.5803,110.476,185.053,65.0089,186.611,140.112,172.23,194.062,106.399,155.369,10.7228,177.46,150.818,70.1906,117.544,115.869,215.343,2.07054,146.934,52.6137,109.3,222.654,88.9909,105.401,155.76,295.13,111.638,141.284,100.703,105.248,273.07,96.7646,193.269,153.031,237.974,85.3947,58.8514,103.521,152.455,307.979,149.736,146.593,85.994,234.472,41.6413,64.417,43.288,100.477,118.279,90.037,-14.1821,251.52,105.592,138.066,48.6891,122.691,343.279,186.592,238.256,71.278,176.227,201.652,277.124,200.704,67.5086,165.985,315.846
0,0,135.175,2.97627,15.7287,131.682,110.256,103.085,117.072,122.514,119.03,136.218,135.856,129.21,146.258,110.862,109.611,104.162,133.845,101.811,136.136,138.709,124.115,128.075,134.527,130.279,106.726,118.69,126.101,114.012,156.074,120.484,130.777,153.75,138.414,146.983,139.186,148.421,143.89,121.147,140.61,139.376,147.577,164.713,120.971,151.058,158.216,161.829,153.8,157.372,177.361,150.546,129.881,136.352,165.364,148.816,134.311,132.681,160.573,141.741,139.836,129.289,160.937,138.81,144.581,140.52,146.927,168.156,123.888,159.86,153.226,131.902,138.278,158.802,133.628,124.478,169.837,150.51,156.632,181.553,154.507
0,0,143.69,0.755779,50.703,115.213,75.8156,221.76,202.588,196.604,204.591,37.3808,153.114,111.512,152.847,197.738,94.9867,95.1318,104.571,119.469,221.459,171.492,227.566,168.03,163.608,145.71,190.351,159.976,233.734,137.157,105.135,214.943,153.365,130.958,93.1206,128.441,108.694,210.773,166.768,223.261,208.392,156.35,185.081,267.735,150.676,170.801,153.138,167.441,129.877,90.169,171.541,120.006,133.669,220.986,102.673,145.703,92.3954,168.085,75.758,131.753,78.3653,231.842,249.979,98.5646,217.031,139.981,208.99,136.51,218.995,177.651,107.149,79.0181,139.92,175.299,199.073,166.695,207.934,142.702,134.353,140.262,181.587
0,0,155.054,0.967349,9.56714,164.519,137.285,143.427,147.558,163.077,158.383,150.007,138.324,142.603,138.554,163.531,154.772,165.305,137.803,153.461,154.954,145.685,147.778,132.977,145.734,168.397,151.848,166.785,157.911,157.461,160.1,149.235,144.225,161.817,165.681,157.085,148.954,147.539,160.98,159.663,167.79,141.569,153.405,167.124,160.923,144.608,165.986,152.781,156.171,151.357,136.347,152.591,172.135,165.076,170.206,151.293,159.439,160.337,160.321,162.14,149.955,145.819,138.572,151.934,168.582,166.514,149.974,161.524,149.686,152.103,162.874,157.827,162.823,151.325,164.012,177.011,169.268,152.62,160.684,161.968,167.105
0,0,104.623,1.18938,48.0662,145.139,128.464,136.887,36.1657,101.336,142.996,74.5858,117.287,91.9625,121.189,66.5802,89.3902,135.479,115.037,153.604,158.424,155.729,65.9489,114.011,15.292,198.416,118.202,37.4838,178.657,2.28114,-2.05002,114.708,129.936,90.7615,48.7229,93.6164,136.058,141.46,-34.0198,50.7847,42.4484,93.3413,13.4093,123.92,85.009,31.8276,126.568,166.167,127.843,79.9026,50.8677,84.181,143.845,39.2892,114.004,135.486,171.304,146.921,170.462,46.2386,132.17,120.934,115.107,200.51,182.502,67.1185,36.9363,149.265,120.595,105.318,36.5671,128.112,126.614,114.276,126.6,167.294,108.358,80.5088,164.367,168.141,100.37
0,0,102.677,8.09026,3.21694,53.5021,44.3536,53.6652,55.2374,53.9328,53.547,55.0731,53.4286,57.7011,62.8553,61.9661,62.4738,63.0262,69.6281,65.9841,67.9725,71.5477,80.02,71.4762,69.6272,77.4077,78.8239,82.3257,92.0594,83.5928,87.2212,84.0017,88.8374,93.3791,94.0209,90.4611,91.3536,99.0702,98.295,94.8612,105.301,106.318,104.993,109.692,109.526,110.76,110.913,111.507,114.281,122.216,113.828,118.567,124,129.909,125.98,126.802,130.722,130.223,130.074,129.254,129.534,134.82,138.768,140.871,144.949,141.396,141.211,142.74,148.725,147.637,150.09,150.618,154.755,153.143,157.168,161.875,157.252,169.983,156.758,157.316,167.232
0,0,119.86,1.14738,24.421,136.79,124.753,127.88,103.648,142.216,133.056,121.097,112.07,120.083,130.492,109.62,94.5561,139.194,165.177,105.592,87.6532,117.74,98.0465,129.329,90.7565,108.384,100.074,115.685,99.3866,152.351,97.2802,75.8268,102.799,137.489,111.363,94.1105,98.3352,98.0818,124.595,107.504,134.194,138.592,159.917,109.653,167.688,122.138,93.6847,95.4326,126.301,87.8983,128.932,88.3235,138.731,104.155,132.617,145.82,129.095,113.926,168.367,114.716,126.56,118.209,162.781,124.086,84.5061,172.248,136.914,117.013,137.522,159.405,144.675,106.35,129.38,91.0158,138.867,100.103,133.041,112.099,127.738,120.342,93.7922
0,0,133.295,0.708119,12.2017,120.387,137.398,142.233,137.394,134.866,142.814,106.728,133.577,147.985,125.926,135.432,113.385,123.857,138.852,140.336,124.531,154.779,155.204,113.762,136.261,124.688,139.73,135.497,142.753,120.785,129.812,123.786,135.19,124.5,148.966,145.118,131.094,138.111,135.43,129.077,131.617,114.633,153.987,148.416,140.983,132.683,145.591,102.552,132.973,144.395,153.988,148.785,137.169,116.416,116.051,106.952,139.964,133.077,116.326,154.176,153.546,138.698,117.266,136.816,126.11,143.178,129.615,121.279,146.147,145.737,115.897,134.548,108.361,148.702,146.593,138.123,124.71,118.22,118.841,146.48,112.64
0,0,93.6341,0.566911,4.11171,93.9942,89.1566,88.9983,87.7022,86.0432,82.5933,84.8389,89.5338,85.7435,88.8731,91.9021,87.5156,86.4829,95.1375,93.1917,91.6872,85.9101,95.5601,93.4117,91.7041,86.4524,92.1915,89.3553,86.7693,90.2538,89.4123,95.4193,90.789,94.0704,89.0889,97.7026,99.208,85.3133,97.5163,96.1721,88.2218,93.3242,94.1681,90.4037,88.5214,91.1173,95.0633,93.9945,94.3053,96.3301,100.887,90.0812,102.774,99.8133,94.9355,100.624,93.9558,90.7158,90.1742,95.9421,89.4784,101.454,99.8167,95.6608,90.4208,97.0459,96.6101,105.443,91.1676,101.48,93.8988,88.4195,95.989,95.7878,100.376,101.353,100.696,97.8519,96.839,97.622,96.1285
0,0,119.996,1.20214,94.3272,144.326,153.575,229.43,153.645,35.6373,188.232,-25.5136,64.3116,39.9501,20.6153,155.415,144.523,187.612,90.4249,83.7827,220.91,-4.44374,-13.9527,265.099,185.744,67.2106,152.871,77.5824,166.424,242.613,119.62,-28.0378,173.515,19.7279,-34.881,81.6842,-8.60452,202.34,-90.568,-6.14308,230.555,106.908,215.431,179.966,170.193,156.372,121.85,115.91,-20.8072,235.68,249.307,166.834,207.669,141.813,-105.521,-9.72366,103.228,179.527,93.8657,126.109,77.5222,-52.7157,85.3599,24.4188,223.15,265.889,74.532,-79.3958,134.768,51.5302,64.5506,75.4877,142.781,312.902,149.186,96.7279,76.3063,247.878,2.12396,39.8367,185.956
0,0,86.3994,5.69984,20.7845,46.3112,93.2651,70.4588,96.2909,48.8836,57.6223,82.2653,98.7855,67.7206,58.052,32.7256,42.9678,55.4798,78.7484,74.6705,99.7061,31.5833,35.8252,20.8766,100.978,40.4066,76.3615,96.6896,28.82,71.6697,76.2187,104.097,68.8423,58.6451,59.2981,103.572,86.0137,90.301,72.1356,75.4895,71.9544,79.9715,68.5792,73.9038,86.3367,114.971,101.486,104.226,78.4183,91.9123,123.851,93.915,115.139,97.293,111.416,93.9801,99.4554,110.888,97.8712,144.545,107.055,145.186,92.9406,122.676,137.071,115.477,106.505,92.684,91.3363,122.388,76.141,60.3803,87.1612,97.6649,121.989,123.829,124.11,129.487,125.209,137.898,115.03
0,0,111.075,0.461965,16.4832,109.181,98.262,110.229,105.664,94.9503,106.249,93.4557,123.059,95.4928,106.537,85.3273,105.541,105.878,104.072,106.899,103.562,107.067,99.3273,101.853,100.688,142.79,104.178,114.217,137.339,113.495,104.069,103.642,130.437,76.6007,129.029,123.142,129.969,121.346,107.401,146.14,90.5376,127.204,110.266,136.5,113.513,119.406,123.559,123.153,98.8232,96.1117,118.121,89.3603,139.1,116.597,102.567,112.114,120.328,86.9687,123.555,132.026,127.769,128.906,121.075,127.361,129.774,109.21,118.706,127.734,141.708,119.912,122.104,88.0947,83.8699,137.237,98.0029,101.733,126.268,131.602,100.541,111.525,118.095
0,0,93.2535,0.382257,6.52899,91.5456,91.4817,90.046,89.3311,108.637,96.9417,92.704,85.6131,94.3621,102.019,90.7294,98.5237,94.5877,89.5008,95.7377,102.368,95.6805,85.3036,87.2107,85.4387,91.6462,96.4799,107.473,95.9726,100.08,92.242,92.8797,94.0996,107.596,84.6117,85.0668,95.9375,79.3186,83.3284,85.0963,96.3193,100.351,93.3423,95.4544,91.9028,100.421,90.1612,87.9238,94.2736,93.8093,97.1028,101.62,102.151,85.9338,109.296,100.9,100.019,89.0759,92.7328,84.7648,79.2654,100.426,89.5291,99.5581,100.975,108.609,104.318,86.5388,80.3587,90.7071,93.6753,95.8872,95.4231,90.7372,98.8407,91.8831,97.9588,90.708,99.682,97.9635,88.2367
0,0,83.585,0.482563,6.28288,69.9522,83.9959,81.3782,88.5124,86.2567,83.1416,74.1128,90.6712,70.5791,76.9036,81.6878,83.003,84.0599,70.4237,91.9934,84.9345,77.4367,81.7941,83.6146,87.6035,64.8964,76.9691,76.1425,77.2659,85.7211,89.0058,92.4993,86.7758,84.6236,78.3067,83.5354,85.7501,86.604,79.4576,79.0055,87.5358,89.5691,86.9742,83.2834,81.1874,74.9785,89.5976,78.6803,93.0438,82.9798,81.2857,81.2991,86.8549,75.4416,75.1187,84.2549,74.1782,73.822,89.7897,96.3491,86.3119,79.5198,71.7378,90.9777,88.9458,91.0417,76.9319,93.2116,81.8043,93.0121,84.1047,78.2274,81.1342,78.1497,84.4887,85.8882,86.1711,76.6009,79.9541,94.6271,85.8472
0,0,113,1.09986,1.46956,103.019,105.688,106.072,108.041,103.571,105.717,106.321,107.871,108.631,109.858,108.977,108.658,107.863,108.361,110.117,109.748,109.27,106.102,107.967,109.837,109.389,110.499,111.102,109.07,110.415,112.57,110.206,109.541,113.363,111.337,109.157,112.96,110.241,112.91,114.284,113.549,109.52,112.005,111.183,113.258,113.214,115.524,116.065,114.466,114.074,116.066,115.845,114.606,118.023,114.415,115.753,114.908,117.012,118.007,115.376,117.287,118.831,118.237,114.614,118.733,117.279,119.039,115.842,118.972,119.236,120.863,119.936,120.659,121.046,119.812,121.483,121.749,122.744,123.524,119.955,122.879
0,0,113.175,0.458027,39.2021,115.968,168.304,87.242,99.0582,167.651,78.4341,37.214,89.6497,97.7331,76.0693,131.256,86.6627,116.138,151.233,138.227,101.79,110.491,116.87,139.389,140.192,88.368,120.198,83.6378,114.508,117.832,96.5844,62.0832,112.734,49.4214,182.008,115.658,129.461,146.327,168.399,84.3052,170.855,99.9444,110.932,69.2695,161.744,114.405,124.324,114.616,119.744,164.312,73.3369,167.76,103.917,88.53,170.337,-1.49484,130.217,155.025,93.7605,50.6028,56.4332,75.5356,82.0747,147.694,117.463,87.5379,127.142,126.397,96.8575,145.455,101.986,150.713,158.283,94.7825,63.7412,202.897,87.3556,95.5045,147.971,167.007,104.118
0,0,101.182,4.42448,84.5333,180.393,228.312,-7.04506,-80.9027,65.5783,152.708,77.303,77.2076,112.235,-78.7834,-42.9162,258.487,35.4274,198.433,-46.6587,87.7287,-25.0941,-24.2454,-66.8309,-30.8092,51.8623,71.2589,-101.132,71.7731,171.552,254.731,69.5665,143.863,196.569,82.8826,-2.64849,59.7995,209.814,93.9826,55.416,135.61,69.3806,154.918,135.792,212.601,134.094,297.021,102.65,167.991,77.8506,93.1406,174.999,140.438,239.427,90.2623,217.397,33.218,164.941,113.22,98.2685,73.0135,156.222,60.2634,170.957,52.3092,76.2011,196.128,137.854,164.964,55.6716,125.782,139.503,72.8164,37.42,-53.7765,-0.54364,156.671,216.934,127.898,75.3311,194.085
0,0,56.1388,0.692825,12.6575,67.567,38.446,62.7616,31.5723,46.4231,50.4002,58.9427,72.0036,50.5058,35.4062,55.1642,58.015,63.8656,71.4291,57.5417,60.6485,53.9099,73.0997,31.4961,59.3683,96.7639,27.7275,62.546,49.8479,62.5024,51.8033,75.4474,32.937,53.6704,68.7921,30.2963,62.1888,47.5882,56.0832,54.8775,51.9468,35.309,78.3165,81.521,46.9178,53.3137,54.6698,63.4291,58.0602,63.3948,74.9316,68.7711,58.1923,50.0325,46.4564,65.8724,70.1954,50.148,42.3789,80.0879,62.2433,64.1734,65.6023,55.7386,58.5726,51.3898,59.6456,71.624,74.4617,60.7194,44.7599,50.9932,74.6743,52.022,51.3317,64.3207,68.6608,84.6581,56.1807,31.4412,71.3231
0,0,128.178,1.45666,36.7299,125.392,50.186,128.154,125.655,134.844,76.5607,130.316,130.481,81.1619,63.5537,105.401,115.221,91.1895,170.672,44.0654,155.976,108.578,160.471,68.5501,58.2702,109.953,119.225,107.315,93.8265,92.8362,79.6374,64.4904,78.7055,110.253,153.564,137.521,129.531,159.012,123.372,102.195,142.936,164.027,174.47,98.5749,108.933,132.185,46.3472,72.5318,137.566,117.631,181.161,122.729,102.993,110.356,103.577,96.902,130.835,137.779,64.9869,139.845,111.704,106.914,164.48,138.33,60.3849,132.684,157.113,174.242,143.309,130.635,121.814,124.722,192.079,138.637,202.502,153.058,140.229,143.258,100.298,125.689,90.128
0,0,104.771,0.355475,25.1754,118.848,110.842,81.402,111.146,137.564,113.08,91.9979,121.618,130.201,92.615,37.9673,108.186,86.8722,55.2687,90.7196,120.029,59.0259,100.652,114.297,125.331,133.912,89.9793,156.955,112.642,105.792,64.579,116.043,87.0159,69.7745,101.296,114.488,93.9943,70.252,139.284,85.9059,88.3839,73.5257,80.6655,95.7764,116.712,79.3277,111.587,73.2252,87.8814,99.1806,80.2285,85.7627,81.3925,118.089,136.112,88.626,107.195,83.5576,112.474,97.6012,131.304,56.9597,136.346,116.288,106.156,105.616,112.397,81.1532,146.903,102.21,105.125,90.7402,71.8946,97.301,95.5299,81.4607,77.7549,117.007,114.914,76.3374,85.9373
0,0,101.891,5.23711,6.8562,65.6385,61.9759,68.9656,50.9628,74.0973,84.9707,72.5667,84.0723,71.1796,67.7135,64.7828,76.571,89.7088,76.1327,84.4404,89.5382,82.2659,76.6711,84.6564,83.4308,82.609,89.7898,85.148,82.102,92.9801,93.3249,94.4085,97.1556,107.317,92.1835,91.3141,99.3692,94.3366,105.368,103.202,99.7672,97.6967,109.817,106.42,111.526,117.017,100.576,115.484,104.448,101.286,113.055,115.52,119.11,107.378,120.076,115.94,116.123,120.567,124.656,122.311,124.607,118.753,123.13,132.136,130.42,131.225,121.598,152.051,128.695,128.899,124.502,127.975,140.721,138.275,137.146,140.377,126.908,144.808,139.281,142.628,137.863
0,0,129.039,0.156609,35.7008,193.496,105.083,134.048,170.514,102.513,141.139,89.418,105.722,174.954,139.749,82.7418,118.539,168.799,116.507,143.674,143.215,121.373,136.918,67.3934,175.329,101.235,180.052,164.756,126.509,191.314,129.406,91.4808,85.5693,121.564,155.421,108.339,133.143,137.361,123.641,134.047,138.8,136.767,197.204,112.914,113.22,170.717,141.408,65.5173,156.497,127.883,170.579,128.537,58.3355,122.818,145.953,77.4416,116.901,134.444,181.748,202.278,171.861,94.9712,128.955,164.603,92.8119,65.082,160.969,131.087,106.192,126.872,179.652,175.619,124.257,113.635,198.111,153.462,200.875,142.316,65.1381,118.821,119.135
0,0,132.196,0.473534,9.63963,121.262,120.646,131.007,138.781,151.09,120.608,131.743,107.458,121.222,117.796,121.803,137.506,110.429,136.725,138.346,134.487,138.398,126.428,123.662,145.068,138.347,121.178,127.81,122.684,143.359,129.617,145.161,116.255,121.28,124.14,153.363,120.388,116.948,136.293,124.663,110.428,140.274,108.515,124.974,109.724,135.207,128.835,131.1,142.344,151.603,139.018,133.969,111.982,141.25,109.281,123.678,135.199,147.071,134.421,136.863,137.449,140.848,135.383,131.199,123.21,130.122,132.677,133.831,130.627,134.479,124.495,130.068,132.781,107.466,138.036,141.342,139.379,125.983,147.932,139.371,123.095
0,0,133.806,0.525662,0.44197,129.287,129.965,130.513,130.25,131.334,130.223,131.05,131.347,130.399,130.907,130.747,131.33,131.775,131.362,130.876,131.509,131.942,132.065,131.713,132.142,132.259,131.568,132.903,131.779,132.934,132.471,133.26,132.703,132.574,132.552,132.905,134.831,133.158,134.436,133.999,133.764,134.203,134.241,134.701,134.404,133.27,134.004,133.931,135.38,134.651,134.115,134.536,134.664,135.155,135.353,135.381,135.104,135.733,136.283,134.942,135.194,135.724,136.228,136.612,135.494,136.492,136.494,136.839,136.964,137.047,137.319,137.944,137.55,136.852,137.058,137.532,137.431,137.657,138.322,138.455,138.332
0,0,86.9052,0.589421,14.2855,81.5631,87.1436,77.3221,92.038,89.7333,94.9896,104.722,87.7725,70.5618,92.0566,81.8603,76.6638,92.065,66.0647,105.63,90.8123,105.826,85.6773,97.7738,90.1085,98.1872,54.6029,99.3832,92.6709,64.0868,101.512,81.2616,61.8489,61.3503,47.4095,88.3073,97.3205,109.023,102.419,79.7703,96.9684,85.4723,72.6465,69.8224,90.4122,95.9993,62.0965,91.3389,87.9051,96.1194,74.825,62.4789,81.3003,77.3748,74.4058,75.1342,102.281,98.676,50.7687,102.826,100.007,92.0879,91.747,77.6237,80.8546,53.6518,97.0857,91.6674,82.223,103.688,108.729,71.309,94.7602,80.8412,94.8112,92.8328,88.6288,93.6174,134.378,112.613,99.8305
0,0,99.7453,0.977904,35.3003,122.841,107.113,67.8906,86.0486,115.491,127.431,119.426,129.786,97.3844,86.6939,77.3868,118.361,122.981,115.434,85.4032,160.652,119.663,150.041,95.5048,109.786,126.168,100.174,69.4371,91.4101,68.5183,86.267,82.8994,78.589,126.284,94.5551,80.2917,68.936,96.881,31.2993,111.517,61.6292,91.2221,137.716,69.131,138.68,70.7017,123.11,147.137,120.916,84.2089,99.9175,137.815,61.9781,115.191,119.366,105.774,143.643,77.2011,90.7588,145.838,90.8553,76.9133,149.696,123.312,104.151,54.7398,109.959,92.0213,145.021,105.795,70.9425,104.683,73.6691,131.98,65.3407,112.583,142.334,102.951,137.583,161.971,15.0373
0,0,93.3516,3.65815,16.0808,86.586,69.2952,80.2934,50.9457,75.4815,82.2002,94.5975,78.5002,58.2609,86.0622,75.4361,49.1638,70.2649,66.6854,75.6106,64.5312,82.3952,39.5177,83.3078,85.2382,76.0024,85.4989,65.3008,75.133,108.396,97.6113,70.6951,74.4643,110.961,73.821,89.1493,82.1981,97.3618,90.1184,100.529,92.9665,95.4336,92.3519,118.457,82.8233,99.8964,123.357,108.313,102.092,98.6009,117.19,93.8095,114.136,69.8956,134.14,70.7844,117.656,130.166,102.973,127.348,116.389,114.489,97.5179,96.7223,119.032,103.489,99.5671,108.418,83.0312,112.909,109.162,128.518,120.018,114.961,113.265,89.0432,106.651,102.15,129.867,123.093,120.851
0,0,78.3143,0.63293,29.8892,129.839,125.152,13.6035,28.9462,114.084,81.5533,53.8272,46.2097,76.893,70.1821,36.5918,59.5652,54.6503,102.072,66.1871,90.9026,126.909,59.8323,104.824,102.312,92.3242,32.943,114.609,22.8472,101.954,57.0852,26.938,48.8474,82.237,70.8744,61.6852,77.082,60.4209,58.6848,41.7093,63.1214,125.933,127.529,109.813,97.1183,10.8108,85.8387,60.7098,107.975,136.13,42.8587,66.9016,74.7249,73.6392,38.813,70.1316,90.5198,47.8602,77.3887,34.2318,89.798,132.867,49.0313,74.7345,75.3699,98.9887,82.6154,101.085,77.9125,107.634,41.1957,147.543,120.127,42.6764,97.8615,131.559,91.6771,103.204,135.62,132.459,94.9615
0,0,125.944,1.90648,6.46784,113.428,108.953,114.012,114.383,124.302,109.968,108.865,113.971,112.05,115.496,113.534,129.554,122.803,123.266,119.682,115.608,106.973,120.984,116.945,129.543,114.021,114.566,118.475,115.948,119.14,128.793,123.646,126.164,141.254,120.197,118.961,132.636,127.742,126.331,124.299,131.497,127.234,130.05,117.306,134.23,114.804,132.125,133.012,121.141,122.578,143.174,125.583,133.491,135.734,126.859,131.361,134.259,134.224,132.194,137.394,141.166,140.669,140.153,141.233,125.801,136.614,138.538,142.748,140.485,131.639,138.235,132.357,132.906,139.359,146.819,144.325,133.91,146,141.856,141.977,133.179
0,0,114.635,1.00149,18.8228,81.3881,98.2808,117.942,120.197,131.471,140.452,101.401,116.325,92.0572,97.4789,109.201,102.792,132.474,111.122,112.951,118.559,116.793,132.205,106.146,87.3577,116.792,124.788,132.365,127.042,81.2998,119.082,99.3666,119.818,88.8693,124.451,129.228,135.974,88.4496,122.231,92.5376,121.45,88.1011,144.802,126.561,127.411,109.266,126.931,119.638,149.94,116.18,90.6175,81.8201,117.887,82.2323,155.035,97.2138,120.112,107.043,112.161,145.444,106.861,104.246,104.89,102.733,141.809,115.075,117.176,115.713,80.2266,125.86,131.468,132.04,124.904,136.59,122.906,133.684,145.8,118.683,147.247,85.3951,126.21
0,0,92.682,0.564628,1.0569,88.9803,89.2394,88.7883,88.6163,89.4173,90.0908,88.727,89.2265,91.4215,88.8671,89.5029,89.4262,88.6588,90.0119,91.1621,89.4367,91.4448,89.4977,94.1069,91.3562,92.3158,90.5371,92.1948,92.0422,91.5172,91.8331,89.8315,91.027,92.4556,92.931,92.1544,93.5626,94.33,91.7821,92.189,91.7908,91.6144,93.3562,93.0277,92.2179,94.5519,94.1928,92.1382,93.382,94.3363,92.5292,93.0847,92.2852,94.9567,95.1466,94.9044,91.0657,95.5491,93.2391,94.5753,95.6675,94.1261,95.7349,93.9163,94.3394,95.0604,95.0142,97.6289,94.7148,94.5851,95.3127,98.5694,96.2451,96.6728,97.9603,97.4139,95.6725,97.8243,97.2558,97.1788,95.9776
0,0,125.207,0.511048,33.686,47.6113,101.689,128.58,71.4481,86.5511,169.265,141.645,126.804,92.8366,114.725,91.9519,27.612,140.056,107.832,97.8249,155.182,97.3637,111.521,122.613,105.853,85.6839,115.027,73.7266,113.41,88.5816,148.289,138.951,170.801,89.7202,116.292,116.197,144.647,116.488,129.685,105.328,107.564,143.598,161.344,124.644,105.464,103.957,132.922,143.691,110.452,165.184,98.2081,152.801,152.034,78.408,115.201,179.085,149.49,48.3028,143.685,61.6708,146.597,145.746,75.1546,89.8221,119.126,132.866,131.3,95.9363,164.188,156.619,200.939,89.8851,112.929,157.207,87.1544,124.374,146.328,113.71,56.8763,152.564,64.6925
0,0,107.918,1.08673,2.21217,99.5138,100.159,102.723,97.2377,94.9167,102.613,98.151,103.315,102.412,102.848,101.045,103.386,106.935,102.63,101.386,106.841,108.11,106.33,103.169,107.615,103.441,106.623,102.776,107.169,107.701,108.322,106.915,106.447,100.861,101.841,106.771,108.6,108.304,109.114,104.606,110.176,109.609,106.639,108.013,107.827,107.766,108.969,114.37,110.184,110.422,110.041,109.278,107.716,111.337,113.535,109.274,112.195,109.328,112.172,110.243,114.408,111.189,113.763,109.914,108.887,109.021,114.352,114.645,111.215,112.481,112.687,116.927,113.693,114.129,117.676,118.693,118.602,113.816,118.615,115.577,117.256
0,0,168.298,3.51185,10.5599,128.39,137.275,148.283,142.008,136.353,139.504,164.655,161.635,138.541,128.028,146.306,124.16,158.923,156.87,167.969,168.745,156.287,156.292,152.206,161.109,152.439,157.128,153.351,168.278,158.979,162.406,159.627,157.069,170.936,143.902,183.431,170.652,176.926,152.125,172.133,166.582,150.454,173.518,162.325,162.439,173.706,177.485,169.907,167.538,184.077,188.288,156.059,194.973,195.915,179.797,188.918,190.235,175.785,188.426,184.28,175.268,179.235,181.931,166.492,162.741,203.568,185.556,190.592,170.57,200.152,179.512,196.409,210.911,187.101,198.801,203.975,205.395,194.433,200.406,188.792,182.373
0,0,120.206,1.93588,3.59404,112.88,101.885,112.434,110.238,103.39,108.795,109.92,113.93,110.644,103.339,110.208,111.033,111.831,113.4,108.393,115.054,114.286,118.403,123.943,113.732,110.021,112.086,126.544,110.67,115.073,114.846,115.532,117.492,123.158,121.171,121.828,119.883,123.264,119.034,117.949,115.327,122.251,125.556,118.235,120.641,124.859,123.516,127.362,123.026,123.612,128.613,126.061,129.109,119.401,127.401,130.508,122.025,131.378,131.649,121.794,133.349,121.982,127.536,129.442,132.62,132.513,135.616,124.82,129.956,129.511,135.157,133.839,131.944,136.201,134.826,136.004,132.896,138.348,132.996,131.384,140.134
0,0,95.5682,2.31114,19.6056,49.3098,94.1733,104.316,104.473,108.143,78.58,89.5175,76.3602,110.794,78.2344,55.9592,85.5698,57.8653,107.014,108.355,50.8149,67.3718,70.9614,59.6317,80.6999,103.95,71.9438,72.3304,75.3345,101.644,108.59,114.901,102.477,77.2822,78.1615,78.2248,74.6106,99.4705,90.1452,98.6584,77.901,99.1703,81.9169,83.9187,85.4421,76.8398,67.3814,98.5337,114.35,85.3069,81.719,120.147,116.254,146.211,76.1151,92.8866,109.284,84.7154,95.7695,88.0207,111.229,86.5901,98.2938,121.612,115.009,128.771,121.322,74.8661,113.479,122.154,82.1006,103.918,117.345,96.0767,74.6266,134.663,108.531,129.371,105.392,84.378,132.112
0,0,97.1192,0.684782,9.53573,89.7826,87.9272,85.327,97.5597,92.2241,118.045,92.4879,100.949,91.5044,80.7989,95.4722,83.6281,107.618,97.8261,98.454,99.2886,81.1257,86.6756,106.743,100.095,94.4962,100.458,97.7024,94.5683,84.5067,107.015,101.876,85.3358,83.3234,90.3223,99.0743,105.241,86.725,102.793,81.8617,89.0722,96.4559,86.3699,95.0315,94.9922,77.9615,86.418,101.84,86.7159,98.0443,103.695,83.3405,92.131,102.253,114.778,91.7733,101.72,111.589,112.275,93.8495,106.007,77.8018,92.8235,88.9696,105.661,108.784,99.544,104.077,126.216,93.1894,102.171,93.9696,94.5093,115.945,111.65,111.709,98.7382,112.124,107.804,116.572,107.564
0,0,144.487,0.208271,60.3693,149.473,124.065,220.719,35.4933,120.235,90.6528,179.318,198.235,184.571,118.337,179.19,172.025,142.751,116.112,144.249,178.424,109.835,32.4472,136.759,145.519,122.808,290.049,189.381,174.495,178.222,92.163,204.76,62.5211,74.4838,140.629,229.891,120.514,126.047,192.847,206.947,168.448,144.109,68.1334,116.323,112.202,203.75,162.492,171.042,148.129,176.107,127.645,148.672,150.844,258.077,110.237,126.356,142.969,57.6328,71.9905,143.613,249.911,128.346,175.032,118.526,267.109,186.455,137.502,24.0108,89.6215,45.1953,148.276,117.649,273.367,82.1119,142.488,97.343,182.943,247.58,146.332,128.195,186.019
0,0,108.95,2.53615,15.9171,102.867,84.327,121.523,114.161,94.0662,94.745,80.7418,112.783,110.568,90.2372,75.4874,109.154,106.329,102.616,104.771,112.381,72.2851,124.757,116.858,103.59,135.527,99.5536,89.8527,87.5348,90.8773,108.957,91.1341,123.879,102.094,93.3608,113.067,116.268,117.315,82.7439,125.617,121.186,125.217,112.946,78.4799,111.816,90.4905,110.671,139.309,111.916,122.807,128.431,122.176,123.725,128.267,97.2421,114.513,123.847,137.654,130.453,134.929,140.942,137.268,100.431,114.81,117.089,125.942,115.959,131.146,124.471,148.457,118.343,109.858,133.466,79.027,133.2,106.862,112.548,136.734,121.45,127.726,115.684
0,0,119.869,0.608718,32.5828,103.498,69.7164,128.752,133.058,156.024,149.611,145.576,75.2645,118.541,62.1521,100.362,81.1902,53.769,108.253,33.2796,160.222,125.798,122.354,64.3754,99.4621,148.314,134.587,96.7725,153.379,46.5541,129.516,142.623,77.0591,89.1349,81.6979,169.985,99.0852,103.444,84.7992,94.3005,90.0237,124.026,76.2823,122.411,102.536,142.484,143.671,138.387,107.791,168.556,64.4943,150.372,187.484,113.851,148.319,113.701,93.614,104.871,94.6747,165.965,116.02,131.623,153.77,153.766,98.6299,132.682,96.0682,136.444,113.405,142.9,115.065,74.932,94.7223,161.728,68.2679,124.767,89.2182,135.999,97.8705,116.687,90.5033
0,0,148.403,1.5154,3.59568,138.506,137.792,140.62,135.792,138.562,142.46,138.536,136.707,141.576,141.945,140.659,138.976,140.559,142.153,142.36,145.15,148.378,141.528,140.677,148.426,146.175,144.977,144.084,150.4,151.385,145.737,158.418,148.952,144.939,141.332,145.469,151.148,148.553,144.524,150.245,144.614,148.31,149.167,153.092,151.661,146.769,147.163,155.718,156.55,151.779,148.179,153.722,160.42,154.803,152.32,152.617,158.291,149.797,156.349,152.145,152.72,155.588,149.332,154.716,155.891,157.807,153.467,158.845,157.455,152.862,161.85,163.105,156.458,160.618,155.708,156.271,159.674,166.79,160.278,161.92,162.357
0,0,43.2477,0.365625,13.2618,32.0931,43.0997,44.4821,7.06837,43.2319,28.8041,28.6849,29.4376,23.7818,39.331,43.313,57.799,46.0856,25.5269,37.7896,53.2069,69.8579,31.7407,49.3492,56.6371,52.1726,52.3694,61.4262,36.2445,26.5151,50.2305,45.1818,73.206,60.4587,25.2775,51.6202,57.2871,21.5563,43.3519,53.9492,46.5755,47.5395,54.4337,37.5054,50.2809,29.0106,84.9253,43.6272,57.4337,38.1695,28.7339,65.1849,49.9889,28.3556,39.5196,40.6836,53.828,59.7675,32.5168,30.0724,22.8393,57.2701,49.09,48.3251,38.3667,17.6033,50.7014,59.3328,38.226,83.4642,33.0097,27.9432,39.7172,58.0071,39.7953,49.5266,50.0162,40.2609,69.2179,43.2553,21.1597
0,0,82.5523,1.60598,7.42016,70.7078,83.0956,74.9957,71.3452,74.5268,83.4857,70.6291,78.4283,68.0596,74.3689,79.3787,85.9702,70.5908,67.9531,78.5687,77.3337,73.6113,84.1728,85.974,73.8358,74.3631,71.8517,58.5575,90.8111,84.5966,87.8953,82.2305,93.338,88.0448,81.0126,76.3295,67.4397,90.5409,87.2649,81.5953,87.0349,94.0235,61.7146,92.4864,84.204,91.711,85.4689,89.4674,82.1618,94.8627,74.5359,85.172,85.1546,73.3125,82.3515,85.862,78.9089,86.1297,79.5108,87.391,88.7211,102.644,84.2261,90.3472,90.6873,87.0599,102.854,82.171,98.4125,98.3148,83.1319,93.0104,87.1979,94.3018,93.1814,88.643,86.4268,95.681,91.3057,82.3562,93.7442
0,0,109.809,0.472701,3.36299,103.388,104.847,107.134,107.782,103.697,108.295,108.864,109.172,104.82,105.294,110.977,106.916,102.943,107.22,106.84,107.765,113.123,110.331,109.356,107.84,109.154,106.867,111.116,112.235,106.026,102.897,104.74,103.894,105.294,110.67,113.261,108.365,108.443,106.031,108.996,115.473,109.416,109.135,111.022,108.969,110.449,113.076,112.099,111.955,112.907,107.852,104.61,105.693,104.861,112.517,109.319,114.124,110.397,105.432,107.784,114.46,112.759,109.955,107.181,115.872,113.001,116.346,114.193,108.716,112.346,120.348,110.503,104.231,110.788,116.767,112.567,113.933,108.81,112.833,119.762,108.866
0,0,77.2948,1.33086,13.3275,59.0561,72.1291,69.2267,43.7692,86.7764,77.257,65.6489,64.8503,59.3736,76.9948,69.5663,69.1907,56.5693,70.1566,81.5413,100.985,77.2943,84.469,84.2416,60.4615,50.6353,79.1786,64.1993,84.0985,63.0497,63.5028,83.5213,79.9576,51.7681,62.979,67.9062,87.2599,76.9513,70.1512,61.4506,64.7256,91.2334,65.4573,86.4209,86.3966,60.7245,68.1471,62.7606,69.5935,79.7431,82.9598,80.0583,82.9826,84.1431,91.416,101.605,80.4223,93.5416,56.2223,71.5435,84.2896,89.4872,124.727,73.7618,72.3964,99.9163,85.0809,93.684,85.8004,81.1131,81.3775,69.5556,62.9095,96.8472,52.381,98.8407,86.2717,80.3624,89.4383,89.1326,113.879
0,0,105.875,0.0459726,30.604,146.109,41.4714,146.233,86.6158,93.4606,92.2275,9.06492,97.3694,124.541,105.092,50.8406,65.0648,65.8456,148.201,104.464,113.491,115.213,103.539,117.182,139.964,90.3762,94.0562,100.98,77.8423,75.6756,128.704,130.278,134.951,84.3533,66.1358,132.464,130.388,118.059,121.198,66.8928,107.655,88.5286,99.4806,134.531,92.193,120.912,56.2552,135.662,101.905,70.8889,57.2469,65.6492,92.2843,87.8428,116.237,120.746,130.05,83.4308,87.6893,81.391,60.1916,89.7022,105.223,66.8441,77.3301,59.1315,68.1897,106.857,113.448,73.5268,135.517,114.096,124.313,153.683,101.421,108.757,90.3475,39.5298,64.529,102.348,144.257
0,0,124.406,0.0664613,5.91527,128.438,130.288,141.199,124.593,126.425,120.235,118.062,124.038,128.101,135.179,119.462,118.78,114.682,124.855,126.022,129.771,119.171,121.93,120.629,126.13,121.501,127.984,121.919,123.741,123.121,123.7,121.628,123.862,115.228,122.35,122.966,117.649,129.713,129.173,128.733,112.113,119.955,125.684,112.287,122.755,126.933,116.148,137.131,122.491,118.349,117.66,129.522,117.169,127.716,124.37,115.571,115.409,122.325,121.69,129.193,128.671,120.209,125.847,124.203,124.742,124.296,112.298,127.3,118.57,126.662,114.845,136.708,130.668,121.91,119.396,128.36,125.615,123.554,122.944,126.506,120.306
0,0,121.98,11.7217,18.0911,42.385,8.00839,37.0133,50.8481,39.1018,53.227,60.9642,19.3661,67.1851,44.9624,73.4056,75.3177,87.2911,93.5471,57.3411,84.4954,81.3093,84.0677,67.5971,41.0242,97.7809,84.7238,65.7929,116.288,116.096,87.0969,106.81,122.025,94.6787,107.708,125.694,119.85,120.407,127.674,130.381,168.508,101.763,100.134,135.282,120.074,133.525,146.009,120.815,147.167,150.309,150.888,142.021,150.158,182.464,175.48,151.846,169.585,180.675,131.798,168.124,157.591,136.212,188.009,192.249,207.046,199.543,158.83,195.673,201.499,185.657,184.249,209.694,187.247,182.549,203.554,199.105,166.486,192.564,218.009,217.393,231.057
0,0,67.2411,0.760835,41.8036,87.7757,73.5012,65.1075,117.93,3.92584,96.391,56.3988,53.0168,113.132,-6.77246,99.8266,17.809,83.8968,76.832,64.5144,89.5145,105.318,35.1697,149.742,16.509,28.1126,38.2718,168.026,59.684,64.47,20.7624,43.5884,142.597,87.8922,30.359,41.7007,177.236,78.3208,89.8108,-11.5873,1.65546,72.1134,-69.8763,81.4039,139.06,3.74489,36.3845,33.9857,148.819,-13.9899,110.844,110.635,104.168,115.647,82.8756,99.1433,3.90956,30.9963,50.8428,75.619,13.8784,40.1792,76.3467,57.9922,111.615,10.2761,120.302,16.505,-7.44025,110.502,50.7116,108.385,69.8426,96.8713,49.0485,117.59,121.286,178.661,71.8597,61.6102,38.7678
0,0,99.1952,0.210433,19.7775,93.6626,81.103,82.1257,109.383,85.2013,79.9014,73.7243,100.415,90.7309,109.783,99.7315,96.7789,96.6534,95.5727,107.409,83.0678,122.354,106.09,110.947,127.961,63.6067,98.1025,79.1891,94.89,126.639,120.665,98.7905,58.8328,121.868,96.7385,98.0695,95.7175,127.559,92.7287,101.412,88.6112,70.1887,42.0721,109.227,91.397,142.425,86.1458,102.792,116.089,91.4833,119.912,111.263,94.2068,116.539,86.171,144.982,114.941,100.954,68.5019,73.636,93.7106,84.923,108.167,90.5527,103.231,101.596,79.347,137.361,122.312,113.105,99.6031,112.139,95.0456,112.705,103.312,95.673,111.736,77.5416,90.1162,109.453,91.5368
0,0,102.406,1.0466,4.67901,98.6802,99.9196,97.8188,103.34,93.5278,101.75,101.544,103.212,99.7464,95.474,98.9551,96.8867,96.2923,94.7817,101.299,102.371,100.55,99.6004,101.665,102.878,102.965,98.4838,104.974,99.1249,104.692,102.427,106.809,97.9941,99.2179,101.676,96.2023,102.127,93.4356,98.2367,100.041,104.921,105.031,100.779,101.195,104.003,111.023,103.568,110.242,103.296,109.984,98.4271,108.595,95.5751,98.3972,110.343,103.795,105.136,112.402,108.924,103.25,104.483,102.239,98.0364,104.823,108.691,114.734,112.021,111.816,107.393,110.258,108.726,94.0514,107.401,113.291,112.352,110.444,108.793,113.664,111.082,111.25,111.823
0,0,101.791,2.24288,7.88761,88.8696,94.5962,93.7872,97.4497,104.154,88.4186,96.6576,86.9422,75.1383,91.7487,78.3738,91.7048,100.21,76.1349,84.1723,100.617,90.0129,102.783,70.0673,103.91,99.5633,119.579,94.684,102.054,105.974,94.0097,87.6866,108.435,98.0371,87.5657,97.8683,95.1814,100.484,93.5422,102.201,100.701,109.385,98.8205,104.697,114.137,107.234,100.295,116.108,100.942,101.231,109.695,113.941,101.411,117.586,113.044,114.482,120.559,104.114,95.3388,105.188,110.101,106.945,118.343,122.696,98.7247,115.383,110.078,115.083,110.136,114.53,112.862,127.343,109.998,105.423,115.368,125.617,127.505,116.089,125.689,112.967,114.709
0,0,96.457,5.01613,18.8099,48.3786,69.8889,43.171,56.55,55.1574,63.5284,70.8391,79.9496,59.2953,41.5657,52.2199,85.5931,93.0011,73.7368,102.392,92.8829,65.661,69.184,89.5582,77.06,64.4989,47.5349,83.4509,82.7133,119.539,88.8397,96.4983,112.163,57.3989,96.5286,110.482,115.368,101.62,59.2478,110.691,66.7733,89.133,104.105,95.723,95.6006,51.3946,91.9358,80.5299,95.58,77.6554,105.301,129.108,110.651,101.815,93.7897,90.7832,117.142,142.105,121.664,120.698,120.94,137.574,138.93,114.259,107.748,97.3504,121.923,87.9086,124.646,128.423,168.652,130.502,122.658,110.536,140.466,137.806,143.612,110.996,144.786,115.303,122.964
0,0,110.583,5.86515,7.2439,72.9565,71.322,65.962,73.289,72.0305,64.2333,78.6991,79.823,83.7251,87.9443,88.9179,77.9426,87.1738,72.9946,91.3266,78.2935,104.49,87.0994,100.463,100.033,91.9497,102.924,89.4203,99.6363,92.5641,110.353,103.296,100.671,106.188,93.4575,105.737,110.578,115.482,113.495,107.438,115.575,109.395,109.72,108.19,111.799,106.379,120.531,115.537,115.747,127.631,141.161,125.862,111.363,115.675,101.887,115.87,130.817,134.558,139.831,137.51,132.791,132.231,131.333,135.154,144.71,128.532,139.079,146.062,142.954,155.195,150.048,146.567,150.061,156.442,158.677,142.174,155.818,143.124,165.202,153.892,153.541
0,0,93.7805,2.18662,28.5963,69.7413,87.9277,86.2863,73.7591,49.0358,59.8612,97.0554,130.649,111.742,79.0902,95.7116,139.891,144.201,65.5711,89.4489,65.2572,46.4266,91.0578,65.188,99.9006,100.644,109.349,125.874,57.8969,116.692,111.206,76.7137,51.0603,133.113,21.4742,80.8212,100.732,76.7846,92.7562,55.5684,128.83,129.94,84.0569,154.285,111.771,71.2501,147.6,94.063,53.8803,85.5907,81.0645,75.7949,133.661,92.2628,122.5,132.447,91.1438,57.2434,60.4901,84.9238,65.2206,132.334,91.9222,119.503,133.855,69.2585,126.002,75.4478,119.739,133.06,142.058,61.5774,115.675,95.3565,118.717,158.144,59.2855,175.845,88.5591,115.782,117.014
0,0,91.76,0.809195,61.2439,90.9291,42.5647,81.6771,78.1236,127.369,40.5969,67.6459,63.1422,110.704,172.31,138.006,126.938,-7.57066,8.96775,83.7701,106.539,87.1252,91.5883,25.7061,121.266,105.801,59.7811,60.446,81.2415,58.271,113.583,55.4755,62.5105,85.8484,42.0709,73.3795,158.496,53.8123,98.1195,170.471,-37.6347,4.99954,23.9833,138.088,143.132,124.849,138.508,152.362,141.324,127.429,57.1485,17.3117,114.513,91.8215,21.0363,138.472,81.9968,88.7465,21.3496,79.4853,90.8514,40.3232,112.594,63.8274,106.275,144.255,-12.8218,-60.2531,67.9477,45.1044,178.647,127.145,106.998,60.3256,92.399,138.196,152.972,116.912,138.109,78.3071,153.654
0,0,80.0429,7.73055,30.7947,-13.1956,42.6766,58.1733,49.3407,75.8602,30.6719,17.2272,42.6916,27.1682,71.4855,8.03242,89.0794,46.3441,33.7967,39.5894,43.7368,30.8162,55.9476,75.5049,5.24949,62.9871,75.0267,67.8333,50.4084,63.9098,114.764,64.4272,76.6092,86.4785,132.527,5.93543,82.4561,140.508,63.5702,32.853,108.384,121.607,102.954,67.0539,81.1979,59.5478,92.8555,17.5785,61.4923,123.277,19.8611,78.6614,77.623,109.797,75.8319,62.5127,55.3274,71.7379,85.6299,113.281,78.4796,114.528,115.366,106.136,80.5579,105.57,87.2024,132.823,142.975,90.0306,99.6586,88.8599,95.5863,128.688,204.783,141.889,116.234,111.127,176.413,124.811,143.743
0,0,85.0405,1.11252,0.453571,78.1184,77.5749,78.0063,77.8944,77.9341,78.4731,78.0509,78.006,79.1004,79.3629,79.9878,79.8255,80.2651,80.0694,79.5013,81.0362,80.7212,81.1387,81.551,81.2403,82.1032,81.1299,81.8002,81.4349,81.953,83.5924,83.0648,83.5036,84.5563,83.7948,84.5953,84.0113,83.8979,84.173,85.4769,84.6794,85.3266,86.1425,85.7967,85.4616,86.5882,87.4045,86.6948,86.3434,87.0005,87.682,86.3262,87.3832,88.3464,88.6129,88.3507,88.8066,88.7065,88.5358,88.9523,88.3817,90.1608,89.9632,89.7816,90.9832,90.5129,90.8034,90.8709,91.4601,91.1885,91.7031,92.4453,91.7024,91.9817,92.8882,92.1163,93.1833,92.8199,93.7356,94.0631,94.5555
0,0,87.6,0.600177,30.6556,80.1095,88.0283,108.436,96.3965,120.422,60.4073,107.098,78.7695,67.6262,85.1232,85.6928,108.51,100.095,112.26,99.1235,40.0493,79.9903,108.355,127.664,113.315,130.424,93.6531,103.634,52.5919,170.85,72.7107,111.451,61.3518,71.6975,75.6692,125.307,157.81,92.2718,131.361,108.614,65.893,73.378,41.5978,46.6836,64.4698,86.1813,84.696,106.419,80.3171,103.431,85.7215,83.0629,73.6343,102.904,93.6169,61.1355,42.5399,90.2326,72.3188,33.9233,41.2325,59.9522,69.3046,71.5805,69.8203,131.381,82.1863,62.2281,89.7138,53.8726,166.256,104.31,71.4558,117.167,50.8005,67.0442,68.4403,66.1256,131.39,55.259,142.139
0,0,104.595,3.30277,55.9888,189.159,4.57616,153.421,43.1691,117.975,29.5901,42.6844,75.9422,150.281,22.3411,108.777,120.655,136.556,49.5558,142.624,47.6495,122.881,36.5731,240.26,118.219,-50.5296,159.114,93.0031,100.933,101.077,153.613,71.6297,75.2822,186.538,73.0264,116.958,148.898,81.082,136.169,139.827,116.947,104.991,119.295,89.3351,168.607,107.462,134.476,83.6414,57.6452,102.098,220.616,153.635,224.249,76.9382,125.739,60.4867,124.863,133,81.8681,210,117.632,88.3156,49.1918,113.231,147.979,174.398,97.1966,175.249,110.574,220.327,114.733,144.871,108.35,98.9126,163.42,59.5517,44.9976,94.2337,61.1572,268.95,164.266
0,0,128.621,0.776245,2.09267,122.972,120.452,121.999,121.005,122.712,128.827,127.774,126.12,125.329,122.098,122.523,123.563,124.27,125.321,123.683,122.317,126.279,125.453,123.224,124.394,127.321,129.023,126.897,125.876,130.699,126.834,127.459,126.806,126.867,129.187,128.387,129.491,129.835,128.922,126.019,128.411,129.676,129.974,133.61,128.286,131.005,129.15,126.678,129.273,127.089,128.282,128.714,132.173,128.386,129.329,130.081,133.72,131.366,133.773,128.218,127.498,132.703,132.117,132.626,129.191,135.818,134.018,131.828,131.362,135.832,134.096,133.276,132.899,133.754,133.681,132.845,135.905,136.247,131.995,138.348,134.8
0,0,64.67,1.11109,0.59144,57.0902,57.5581,57.0283,58.6977,57.4197,58.6962,58.4939,57.2686,59.1429,59.2628,59.926,61.3552,59.1095,60.2,59.872,59.6858,59.7911,59.4782,59.9219,61.0732,60.9928,59.9932,62.067,61.1771,61.7447,62.4163,63.3394,63.0753,62.251,62.7129,63.2475,63.4353,62.6995,64.9367,64.3962,65.2281,64.3953,65.285,65.457,65.0115,65.5897,65.3801,67.3458,66.1572,66.7838,67.3445,67.9458,66.6558,67.5321,67.3047,67.2655,68.488,68.4193,68.9892,69.1351,68.484,69.0182,69.6873,70.6307,71.3789,69.3457,70.4175,71.3946,70.6782,71.4039,70.4732,72.3153,72.3673,72.6003,71.4954,73.3392,72.4591,72.8886,73.0079,73.0831,73.7765
0,0,108.674,0.8905,14.2156,111.417,101.569,110.942,96.5908,107.037,88.1596,122.595,115.038,100.47,101.162,94.6309,123.537,113.71,96.7317,112.203,90.2185,109.727,106.253,95.465,115.441,98.5481,82.123,91.3869,120.268,84.3165,121.043,100.128,116.09,95.7483,101.486,108.324,79.797,111.122,102.343,111.28,124.322,131.041,97.0991,103.224,108.338,99.6236,107.433,131.308,96.0882,95.4662,89.1576,114.855,108.946,118.164,106.595,127.607,119.342,107.211,107.471,108.42,122.238,129.085,109.746,118.927,129.082,114.552,111.353,111.694,121.946,103.502,111.677,117.529,115.996,118.38,116.794,121.367,125.079,108.555,106.618,106.128,127.904
0,0,101.575,0.631162,7.68548,95.693,81.7007,99.8208,83.6505,104.788,113.735,84.929,100.128,112.652,100.016,96.5147,98.5562,84.3244,112.687,92.5942,94.3041,94.349,101.848,83.7994,98.7202,103.92,104.094,101.899,104.639,100.465,103.263,90.7498,93.1798,110.032,97.0017,105.416,88.9383,87.5095,96.1191,108.389,87.5578,73.9197,99.1077,91.5196,110.051,107.453,104.725,104.167,108.027,100.002,108.873,112.731,93.1245,103.445,90.4652,99.4514,106,99.6514,103.683,111.863,113.873,97.5583,97.6048,96.9989,99.1339,110.398,113.036,110.272,99.0738,106.078,106.541,119.535,118.492,104.744,112.176,101.495,94.4904,104.288,92.3108,113.631,94.075
0,0,92.5428,0.396488,47.0573,84.4278,109.675,-20.4072,47.3114,104.11,105.378,63.1108,180.437,113.947,133.188,93.3734,116.837,49.1334,111.146,218.925,64.7561,87.7155,93.7482,95.0722,60.0499,69.6953,94.2039,24.1371,131.717,93.4141,113.953,85.9965,90.062,25.9627,54.1013,142.607,8.32136,83.1322,66.5905,132.218,126.461,86.3996,114.358,87.8835,68.3071,96.0821,74.987,84.1004,89.604,65.8954,117.963,105.235,107.15,163.344,122.344,170.766,143.791,55.3623,104.536,100.657,84.3945,47.4876,102.322,127.188,50.8159,72.4793,125.395,141.944,127.364,57.8135,88.2145,46.7704,15.87,69.6085,69.8645,116.465,117.892,38.7206,200.152,-33.6891,43.5458
0,0,90.5298,2.23797,27.2629,77.9265,136.222,109.979,90.6258,73.4878,80.5741,135.088,74.9537,89.8411,85.2367,64.5661,68.1694,132.733,62.4155,41.996,61.5646,137.623,50.1566,31.4313,54.9941,42.1867,115.729,90.0288,80.7681,110.025,120.332,85.3197,112.741,107.783,79.0484,62.9685,101.106,92.9635,101.792,68.2557,74.9833,116.27,83.7704,43.7182,119.639,122.366,110.035,68.1877,89.9252,70.9292,73.7445,68.4518,61.9497,98.6972,130.413,121.754,45.2552,124.453,71.0958,106.724,128.201,60.2696,102.654,142.13,106.139,116.669,93.7028,98.5706,101.218,98.9538,84.5603,132.134,106.773,136.846,110.731,90.4971,85.584,106.76,112.536,122.402,103.939
0,0,126.513,2.33128,11.9117,97.7151,107.829,104.281,126.62,96.7202,92.4817,112.734,115.884,115.189,103.877,137.796,149.617,110.996,133.983,134.642,129.712,106.577,125.592,118.223,120.346,116.932,121.532,114.988,133.139,106.928,115.043,120.482,137.091,131.393,126.687,131.441,117.992,121.36,135.076,132.785,127.664,105.207,121.086,118.772,139.34,135.3,125.394,124.465,127.347,119.017,142.256,133.359,120.3,122.072,109.005,134.053,139.896,148.231,128.915,158.146,150.577,131.815,134.236,123.106,130.098,131.578,122.877,136.635,128.843,149.606,140.493,151.815,153.966,126.648,122.076,150.739,137.568,146.701,134.501,158.679,136.263
0,0,126.634,1.04902,2.35866,124.135,121.14,118.382,118.224,120.725,120.584,122.225,123.747,122.024,119.892,122.052,118.109,122.88,120.111,122.552,125.31,121.995,122.062,125.631,125.676,121.638,120.013,125.794,123.681,125.869,126.582,122.351,124.751,126.787,127.231,123.159,124.146,122.986,124.621,126.98,126.234,122.402,127.589,128.37,126.79,121.467,127.291,127.64,130.225,127.177,130.103,127.248,128.603,132.677,130.348,126.353,129.725,134.002,127.999,128.642,129.671,136.455,131.979,132.352,130.707,130.901,134.103,134.701,132.443,131.23,131.078,129.982,135.797,133.218,134.358,133.097,132.094,134.19,132.177,136.292,135.404
0,0,132.32,0.940946,0.513213,125.785,126.185,125.571,126.788,126.968,127.242,126.279,126.509,127.32,127.724,127.298,127.617,127.422,128.632,128.124,129.035,128.971,129.082,128.537,129.616,129.815,129.742,129.656,129.794,129.843,130,130.662,131.496,130.793,131.608,131.583,131.161,131.296,131.655,131.863,131.868,131.573,132.997,132.36,133.663,133.145,132.818,134.337,134.109,133.177,133.973,133.663,134.366,135.612,134.398,134.949,135.263,134.73,135.008,135.615,136.358,136.287,136.774,136.029,136.892,137.121,136.571,137.873,137.588,137.911,137.725,138.645,139.619,138.826,138.948,138.195,139.203,139.341,139.675,138.711,139.726
0,0,99.8202,2.56541,8.02118,83.2255,100.204,83.7684,67.1883,88.9549,81.6025,77.1683,82.075,85.2539,78.0868,97.913,95.4305,87.6052,81.763,86.0124,94.5342,82.4404,84.0579,94.1554,99.3995,91.3403,101.608,82.2791,96.5165,103.312,93.8835,95.44,96.6837,86.6264,86.2819,93.3555,94.6601,89.3685,106.418,101.848,104.958,97.5163,109.309,92.1386,107.929,98.1045,111.875,104.865,112.741,103.648,100.8,101.124,101.521,103.834,99.8908,111.109,112.154,118.45,106.19,115.472,110.708,101.413,116.277,110.208,115.449,116.793,110.402,112.84,120.991,115.81,113.166,121.114,114.162,119.323,139.301,123.814,109.168,128.862,105.657,121.371,124.927
0,0,120.77,0.189205,22.5217,156.487,110.76,129.487,88.0757,131.814,126.937,75.4042,92.8771,151.458,105.17,109.896,134.809,76.3961,137.48,141.607,158.264,138.762,120.351,164.03,132.48,136.477,117.974,97.6193,87.6257,82.8254,124.754,119.246,117.735,121.218,61.1909,119.955,138.43,94.3873,119.116,107.319,82.6496,127.218,132.886,147.251,158.741,128.429,130.362,120.796,107.921,107.085,123.564,119.057,126.162,114.905,138.048,124.138,104.757,116.859,125.23,117.738,121.566,144.877,163.624,96.6679,40.0109,108.508,128.422,130.793,94.6984,111.894,122.76,117.462,156.383,134.019,170.261,88.3415,160.471,127.722,114.314,142.631,136.123
0,0,105.869,0.80711,3.96255,100.802,97.7509,104.034,106.425,99.3993,101.214,100.03,94.9482,101.291,97.2069,98.8213,100.323,100.451,93.829,108.438,98.3876,108.709,114.99,101.113,102.12,106.4,98.3247,105.257,100.815,107.972,106.771,105.331,106.487,105.535,106.005,100.283,116.501,101.315,109.948,106.755,103.923,101.39,105.269,105.132,106.107,108.102,107.563,106.472,104.013,109.595,109.682,111.06,105.846,109.422,107.582,105.467,106.424,106.076,113.308,108.264,96.7956,114.108,113.959,109.823,115.994,111.253,108.342,117.398,108.251,109.508,109.291,110.346,116.621,108.917,106.652,114.14,115.429,110.518,112.067,108.853,110.858
0,0,92.3832,0.359245,15.2126,75.4829,87.0024,96.6129,100.734,91.4492,83.3799,90.4119,79.1993,92.474,93.2724,90.0796,88.2945,57.3963,93.4206,64.9124,98.1563,92.2794,92.6107,78.6819,92.9742,82.3823,74.444,68.5879,94.5283,79.0867,81.455,88.0854,94.4589,91.2978,81.9069,87.6538,80.6547,106.475,51.5601,82.2193,93.4617,93.0595,83.7083,85.8791,99.5637,50.828,81.579,105.881,77.5135,90.561,71.9767,82.436,117.6,100.584,100.945,112.567,101.771,104.471,102.312,100.454,100.035,86.4091,82.7854,73.7594,91.0433,115.648,82.2384,88.6665,91.5511,88.8986,96.966,90.5266,90.3306,93.1976,103.589,76.7409,125.436,85.0906,69.1565,91.367,90.9043
0,0,103.676,1.73017,15.8525,71.8014,83.1699,140.105,74.3162,97.274,80.7857,111.737,82.5622,78.4638,91.508,102.074,91.5846,112.941,98.2858,91.7916,110.876,114.379,92.2468,99.2832,89.0194,115.48,101.85,86.5855,66.5995,96.932,130.071,96.9512,114.936,106.568,113.618,125.495,94.3158,114.624,93.4771,113.491,105.118,88.2786,117.477,80.4432,90.2696,99.268,128.705,79.7369,121.816,71.923,106.096,130.857,91.3916,136.624,103.854,95.9668,100.198,95.5066,104.096,106.664,136.739,92.79,108.742,122.988,105.69,105.33,128.347,101.953,102.81,93.5182,128.425,120.794,129.978,130.538,147.196,102.064,106.122,144.667,128.616,108.211,138.086
0,0,96.4963,1.63597,31.8366,83.8453,106.78,81.5203,24.441,67.9259,75.3357,40.1008,31.3543,101.933,97.2148,63.2201,79.4706,119.166,85.8407,74.1439,108.205,83.8313,44.8158,108.72,142.447,65.2936,110.287,50.4115,90.3036,106.915,46.5672,48.4373,63.3278,76.4959,28.9758,93.8182,80.7971,48.0729,96.9287,94.6749,119.148,206.06,96.4176,103.454,61.544,121.6,149.875,126.607,126.355,95.6137,106.509,106.223,104.718,93.8728,72.8232,92.2773,102.541,116.441,78.5796,109.5,128.99,69.0382,83.2194,87.8818,77.1726,131.778,73.5941,102.275,148.703,137.728,76.3376,131.131,104.482,97.805,90.7661,155.061,108.593,153.759,116.371,127.574,109.866
0,0,94.8794,2.21488,1.03061,81.282,78.4213,81.086,80.4481,81.705,79.9014,81.9101,81.4396,81.7233,82.4572,84.0611,85.6908,86.128,85.49,86.1353,84.907,87.1049,87.2841,87.3612,86.173,88.116,90.0761,89.9509,89.3762,91.1014,90.063,89.6668,91.3535,92.5106,91.7854,93.8753,92.8649,92.5067,94.4849,94.4078,96.8138,95.3172,96.6525,96.5254,98.3776,97.7156,97.4432,97.4979,99.1633,97.9635,100.519,100.953,100.383,99.9237,100.088,101.336,101.681,102.231,103.881,102.986,104.878,105.115,105.186,103.476,106.475,106.47,106.432,107.029,106.218,107.393,109.489,108.034,107.695,109.14,110.296,110.295,111.099,109.775,111.986,112.89,113.513
0,0,120.757,0.544783,46.3639,104.192,53.3737,158.159,179.465,134.075,70.6847,99.9604,80.0605,105.876,120.353,208.042,88.5693,144.008,170.895,105.989,165.274,122.828,178.28,91.396,54.7125,111.9,190.241,144.881,86.6378,117.209,153.938,157.206,145.284,184.384,110.044,114.793,133.347,150.684,200.131,121.186,138.116,153.156,125.242,291.355,208.019,125.798,151.357,144.001,129.245,90.5712,170.811,134.009,189.338,149.856,95.0971,110.395,97.1739,178.485,175.857,21.5951,74.8135,230.541,100.109,45.8671,111.237,10.5172,118.134,101.645,194.875,134.937,173.807,90.0072,68.2332,127.634,106.54,119.498,164.796,74.7153,97.1345,37.3736,82.2389
0,0,104.888,0.951203,4.97326,89.945,94.3196,92.1039,100.613,91.2838,101.164,98.0208,104.153,99.6542,105.021,103.619,109.228,110.679,88.9483,101.109,91.0096,103.232,113.199,104.749,102.229,104.814,108.372,95.8153,113.155,98.3247,110.315,96.7129,100.093,102.595,99.0093,111.648,106.731,108.284,108.918,110.54,98.2044,100.781,98.0578,107.623,109.195,105.792,103.45,114.292,104.408,102.567,106.099,112.064,106.931,120.244,116.322,102.812,103.737,108.824,112.039,112.079,104.451,104.581,98.6083,112.879,110.028,112.567,118.899,113.354,106.33,117.766,100.285,104.406,102.543,113.068,115.005,116.742,118.967,113.54,117.267,111.565,105.978
0,0,121.851,0.535629,8.07617,107.097,126.539,126.694,120.201,106.232,104.515,125.037,122.541,119.386,139.458,133.612,128.788,100.286,118.771,114.864,115.608,126.541,120.331,119.019,118.123,109.388,127.617,126.506,120.896,106.573,128.459,108.078,116.468,122.968,117.33,120.287,113.99,126.513,137.326,116.005,115.985,125.017,132.607,115.541,136.843,128.658,114.508,123.963,131.31,110.734,136.811,123.803,117.111,136.13,127.267,133.342,126.075,128.256,112.554,145.737,124.111,137.325,135.925,125.22,117.271,135.796,129.681,124.242,128.756,137.946,141.371,139.481,108.983,129.036,129.538,128.574,130.876,128.787,114.925,124.425,114.252
0,0,101.285,0.150557,17.2343,96.5619,86.5032,82.137,138.257,111.355,69.5524,127.279,88.6833,72.0709,137.922,123.444,96.1498,97.3981,100.242,109,117.131,101.153,94.6242,105.882,108.562,81.871,88.6254,95.028,98.1897,95.4134,78.6422,93.1347,104.756,138.565,95.8766,99.4088,114.997,107.199,88.0874,83.2459,110.689,119.549,83.9072,121.918,137.824,96.6148,104.293,86.2198,87.1906,143.519,64.86,127.779,101.018,91.3541,122.032,108.001,110.93,95.8515,94.8522,71.4297,91.9996,122.236,80.8682,96.8909,124.641,85.6011,80.3925,110.722,92.8142,101.921,107.137,96.8979,101.115,108.487,124.115,83.0855,115.682,81.7358,103.537,104.916,121.204
0,0,107.471,3.22345,24.781,88.2757,96.5135,53.2889,75.2597,139.487,123.572,120.472,75.3981,85.2508,115.557,86.3002,59.4173,78.7957,89.1551,46.1867,110.104,103.468,110.9,113.457,70.5444,70.0739,96.3207,86.4496,91.3976,145.169,117.504,82.8884,107.671,107.715,64.1308,143.077,73.2742,113.484,128.16,121.548,146.974,126.676,120.285,115.725,116.939,130.261,90.8685,141.232,94.1317,133.871,117.802,131.282,95.4298,108.808,94.5672,148.062,117.604,105.029,77.3367,113.667,114.478,183.923,130.536,115.905,140.91,60.86,156.079,140.146,160.938,114.219,103.659,124.336,140.906,114.12,140.785,124.499,147.806,163.643,119.481,150.342,128.742
0,0,111.442,1.73944,0.216203,98.985,99.5577,99.9068,100.418,100.425,100.726,101.48,101.488,101.609,102.424,102.812,102.4,103.903,103.722,103.736,104.259,105.119,105.027,105.522,105.806,105.971,106.597,107.128,106.995,107.829,107.98,108.439,108.31,108.934,108.951,109.549,110.331,110.481,110.651,111.132,111.365,111.435,112.133,112.296,112.599,112.843,113.318,113.536,114.217,114.61,114.963,115.113,115.658,116.477,116.651,116.47,116.938,117.4,117.676,117.682,118.415,118.741,118.802,119.398,119.225,120.087,120.62,120.913,120.858,121.429,122.214,122.498,122.229,123.065,123.156,123.812,123.912,124.327,124.56,124.834,125.379
0,0,89.8984,3.28894,76.7705,-51.1713,125.926,41.2697,-14.2687,40.3733,95.7863,130.832,129.714,31.6252,216.947,38.4173,65.6443,109.756,86.6527,13.6571,33.1903,-57.3371,-33.8447,92.3978,141.325,6.4995,97.3495,191.704,85.7106,130.274,163.192,36.9035,100.65,175.416,129.185,117.263,195.885,-57.5906,-40.9047,75.2067,53.9091,116.205,107.33,-47.3459,80.4251,93.3515,84.0717,-5.3557,98.3138,-12.1595,65.2664,203.522,137.08,258.202,27.9985,196.948,5.79021,54.5507,217.957,205.153,54.0023,121.971,92.686,126.459,20.2139,32.7959,112.758,94.34,-11.818,-26.4281,39.348,151.018,6.41034,84.6875,74.7924,147.51,139.739,216.306,81.3748,128.676,92.4237
0,0,115.994,1.21791,3.05875,108.738,106.436,110.273,109.892,104.316,105.955,108.555,110.263,107.913,105.958,106.587,110.641,108.353,106.707,107.805,110.526,110.226,113.505,112.747,111.333,113.534,110.999,104.914,116.67,112.322,114.267,117.309,115.291,115.65,114.147,109.819,118.89,115.681,115.233,116.015,116.389,122.1,121.966,116.902,119.057,119.306,119.907,118.493,117.287,116.647,113.448,116.651,117.047,122.357,117.209,122.866,120.385,118.173,120.605,118.933,117.258,122.512,121.182,113.536,125.565,120.618,127.676,122.357,119.017,121.622,120.105,125.496,123.364,126.956,123.902,124.506,122.837,124.652,122.482,124.48,125.966
0,0,124.533,0.256905,8.70398,129.242,120.083,115.232,111.773,125.561,131.429,112.57,126.703,112.458,142.9,111.134,118.332,128.973,116.176,121.59,144.189,128.075,122.357,122.757,134.01,113.752,130.11,126.537,129.091,133.462,134.159,119.826,128.115,131.632,123.97,127.858,132.521,122.087,141.868,124.218,105.807,133.287,120.401,116.783,135.124,121.478,132.169,122.593,112.28,123.76,129.634,137.137,119.199,112.01,129.947,112.438,126.209,126.242,118.89,129.032,130.077,127.877,127.763,124.604,117.052,119.139,117.95,124.002,133.734,118.1,134.827,132.224,130.375,120.005,134.323,117.879,114.866,127.117,123.887,139.678,133.232
0,0,79.4151,1.00365,13.4534,66.5392,66.2179,64.4633,76.3108,60.6137,83.3047,78.9463,91.5142,68.0978,93.5995,58.6253,74.1523,85.9642,64.8171,74.5133,57.4628,57.9684,74.1693,71.9479,55.4359,80.3506,79.5044,89.2306,61.8715,86.1525,55.1348,59.7227,78.819,65.0016,64.6365,77.5079,46.4912,83.2298,94.4434,80.046,91.9632,59.1573,76.4549,95.4905,96.5798,105.389,72.6097,83.7224,76.9464,67.6935,94.2131,87.2845,96.6035,82.3575,79.405,55.5148,71.1946,77.7414,57.332,91.581,80.6233,100.739,97.7159,79.9815,62.1234,101.868,94.0885,91.7582,85.6673,86.7365,92.4692,107.937,73.6846,98.8835,88.7414,106.703,63.4654,112.368,78.7005,90.6693,86.1088
0,0,128.575,0.59282,8.86659,124.043,118.379,128.669,138.323,127.327,137.88,120.396,138.627,137.546,117.301,125.089,121.015,131.979,133.068,122.765,132.295,124.587,128.04,126.355,139.043,129.597,126.192,124.879,133.683,130.296,115.032,115.204,122.88,126.97,127.446,134.399,136.206,133.391,121.793,128.242,119.916,117.911,130.085,143.288,129.164,148.171,122.611,134.8,136.399,114.975,130.915,138.349,113.794,145.549,134.508,128.768,121.912,141.411,140.768,112.402,122.703,126.804,130.035,130.889,125.763,140.087,130.068,120.508,120.306,127.987,144.164,132.783,125.617,130.382,129.292,129.283,127.817,147.748,135.118,124.793,123.069
0,0,101.158,0.214352,12.9268,110.581,90.0969,97.8856,83.4215,105.418,114.348,81.7155,85.5831,97.6497,90.3046,102.87,97.2171,97.6405,75.4648,106.985,96.6908,99.2066,104.298,103.028,99.7313,95.2974,95.0157,87.8769,114.868,99.5322,104.808,94.9381,112.861,103.888,110.297,102.669,99.9226,104.713,95.9391,135.363,91.4848,105.223,102.723,94.8474,112.092,98.4215,105.48,124.57,110.14,76.7741,73.642,108.131,95.1776,89.274,118.335,89.6989,118.661,103.384,93.4623,103.944,98.581,116.363,105.194,98.0621,121.848,75.5376,110.49,75.7198,91.0237,109.267,101.601,94.8194,89.6942,103.417,118.462,114.019,106.045,107.986,103.904,107.147,125.27
0,0,103.657,0.988583,24.7113,103.653,92.4665,53.8718,124.753,25.4061,90.0785,87.2817,101.867,78.4709,91.1674,113.936,105.375,123.627,99.8405,101.205,75.4712,68.1569,138.804,109.936,96.1541,42.8815,80.4639,97.2137,88.8616,113.842,49.0674,93.2701,81.0686,72.8216,106.997,98.373,149.668,106.407,119.838,76.4918,113.814,103.775,64.7212,102.828,96.3609,109.648,65.8806,145.465,116.842,90.6064,119.703,134.557,111.251,80.2489,159.273,107.865,95.4112,77.1734,108.397,144.035,131.523,133.078,112.865,116.393,74.5815,99.213,115.661,73.0453,167.989,102.843,135.237,107.315,77.6544,126.239,113.78,119.499,111.158,124.426,114.068,69.9265,142.396
0,0,107.907,4.87602,89.4239,194.929,-53.453,-42.844,-25.4522,88.7486,109.962,147.454,53.2085,167.519,252.512,-34.7713,81.731,170.314,34.7114,135.797,151.448,-37.0008,152.03,58.53,57.7162,-58.8667,103.549,1.08537,42.8168,94.6741,183.982,170.678,271.732,155.606,152.695,277.037,123.6,187.12,268.493,126.492,142.051,83.9576,156.243,110.476,269.429,115.468,187.975,30.2736,188.597,-90.6768,158.119,47.8796,81.9641,123.312,153.585,211.486,120.977,71.1266,78.5759,263.797,168.68,127.683,30.8785,127.631,12.5922,294.997,128.163,-13.5729,162.084,62.6269,163.565,112.121,64.6191,269.222,106.27,218.132,57.5818,168.25,133.744,172.495,83.1729
0,0,95.7515,0.106071,24.5348,109.866,94.2692,106.994,92.9959,47.8471,99.1969,83.5408,67.9838,119.35,71.0617,110.72,96.3275,118.816,168.205,49.9212,91.878,82.5796,71.894,49.5997,114.805,94.8058,99.2486,98.6457,77.7224,125.657,64.7373,86.9394,115.23,150.307,105.03,65.6276,71.3268,146.676,107.091,106.958,63.6132,104.132,112.725,78.6721,160.113,121.253,108.921,61.0848,129.272,112.105,93.7849,129.441,100.473,64.8534,141.37,98.5047,76.9922,103.758,98.7884,106.179,73.4456,84.2038,93.4757,93.1197,79.5144,86.421,121.322,67.0603,126.949,103.779,96.2554,125.103,46.5232,123.363,93.4169,66.2893,75.8774,70.74,129.984,89.9699,117.517
0,0,128.191,0.226036,24.8685,152.625,114.65,117.48,85.9697,150.872,144.463,98.9916,146.884,118.269,135.747,121.153,125.496,136.793,148.031,152.375,128.764,89.1922,123.777,165.42,96.9837,72.2718,133.599,135.341,105.676,91.8664,123.92,126.143,127.899,147.891,137.369,141.514,137.594,109.581,115.731,115.596,136.803,98.0744,105.621,152.37,125.578,131.352,110.545,94.1958,126.845,132.945,146.12,153.509,129.371,112.01,87.9175,121.391,115.264,118.399,103.911,121.938,142.126,118.908,112.966,144.569,137.778,116.805,160.627,127.595,150.37,133.339,113.366,144.896,119.32,124.336,152.3,100.76,152.921,130.534,153.415,128.367,82.5371
0,0,87.0009,0.333118,22.2046,120.55,93.9764,56.0344,81.4787,100.017,87.9747,121.417,108.565,63.9438,131.788,87.364,47.7008,72.6156,116.691,68.236,101.31,97.513,75.0698,55.6334,67.7722,73.3199,29.3234,115.314,73.5526,101.854,98.2824,104.603,77.0547,106.645,66.4142,58.1186,159.125,110.276,78.5831,103.545,69.0893,76.0563,134.651,44.0028,86.5696,67.0867,75.6668,120.324,51.3071,141.062,79.5639,97.4634,49.5557,63.3236,118.025,124.285,97.8659,55.9862,44.2378,114.919,74.4122,79.7419,78.0578,92.8428,72.6139,97.7494,105.18,65.324,92.1058,148.113,84.6152,118.051,58.3887,122.031,79.3947,83.0058,74.9307,92.0443,91.9713,72.8003,115.659
0,0,91.9646,6.02133,82.6208,3.74835,86.8176,13.7277,113.113,77.6716,56.8171,9.98324,49.9705,-6.55625,121.816,113.419,147.579,-53.2984,-77.0249,36.24,92.4348,80.9624,-32.8695,-32.2859,34.6214,84.4114,129.949,-65.9077,39.7733,53.6563,92.6674,25.9898,85.3854,130.656,-115.485,26.1271,120.933,6.78475,163.954,141.761,115.04,60.393,22.7387,176.996,46.1505,13.7374,54.7485,5.33617,146.344,58.8746,44.9373,25.9259,189.684,70.2204,102.227,133.493,85.8474,85.0849,128.251,247.771,149.616,111.38,197.524,95.4297,75.8737,166.74,158.764,89.8072,64.8198,41.6957,298.025,204.705,93.4805,143.063,52.2455,168.091,127.397,104.889,174.713,89.0615,-86.7751
0,0,67.4256,0.280759,12.3173,53.8113,66.4491,45.3497,70.2563,45.6137,64.417,75.8785,47.8589,77.7076,58.3916,76.2608,67.7286,67.1117,73.1955,81.0514,83.6137,81.3116,54.8889,55.764,71.3828,79.0593,38.2148,84.554,58.3674,68.2634,50.8802,69.0245,42.2477,56.6657,73.6421,66.1357,47.1714,59.3232,76.5011,62.242,73.1868,36.2154,77.6562,56.4576,81.393,41.0476,94.4929,54.2246,54.0191,85.8989,72.433,71.6661,56.4733,57.2357,77.8604,77.9958,86.3567,55.9432,76.6653,47.935,78.4204,81.24,66.0181,97.8677,69.6673,56.7643,62.491,45.5926,68.1214,74.7125,62.7917,68.4274,58.2584,84.312,49.8942,72.692,80.6524,87.6732,64.0837,73.8398,65.811
0,0,114.943,1.45136,7.30116,100.135,109.152,103.61,109.146,115.42,96.5988,100.424,94.1516,98.3672,96.2986,114.973,108.761,111.587,106.474,106.78,107.415,94.2969,108.221,99.9074,98.7889,119.047,103.507,126.809,105.181,115.676,123.454,115.34,109.294,112.376,113.282,107.041,115.928,109.3,100.242,108.85,112.926,107.072,111.642,120.789,112.667,111.625,117.317,115.977,111.904,125.139,112.88,117.133,106.551,116.282,126.902,125.696,113.523,121.259,119.788,126.149,124.316,120.796,122.412,132.565,127.578,133.23,120.909,110.184,127.986,131.018,126.646,130.685,111.63,121.712,116.651,144.119,107.914,114.964,124.053,128.313,122.314
0,0,147.299,0.295912,7.8187,138.043,147.791,152.608,137.904,134.463,133.33,136.312,129.567,147.427,145.096,149.463,135.306,149.559,140.025,150.514,140.541,150.117,157.129,161.131,150.867,140.149,151.289,158.69,139.308,157.597,152.697,175.689,156.095,154.954,142.695,151.315,151.494,141.542,148.409,154.476,142.797,141.654,159.812,147.876,139.432,154.293,147.75,138.16,157.126,151.444,150.415,163.034,138.169,159.484,149.337,158.282,158.684,157.783,134.958,155.998,164.105,158.875,154.677,150.383,158.606,159.998,155.204,150.486,156.309,143.46,146.497,164.018,156.066,145.59,149.919,142.893,148.212,145.896,155.627,155.587,157.635
0,0,145.173,0.100981,19.5794,91.2794,122.845,133.456,188.293,115.974,125.585,153.189,117.118,142.04,163.587,141.139,184.139,141.478,126.542,152.001,147.402,184.229,146.344,125.812,149.438,172.735,147.043,159.183,136.95,128.889,132.709,128.299,155.292,126.549,157.566,157.722,157.605,126.089,123.223,197.388,144.518,133.396,143.317,160.268,140.973,147.695,148.087,123.187,109.54,160.797,133.122,144.488,122.766,151.312,132.364,114.901,152.091,144.956,119.674,140.861,140.1,146.487,146.902,137.211,143.431,154.834,118.177,149.503,133.961,143.155,166.537,119.294,137.668,156.05,138.136,140.578,112.768,193.503,132.647,162.322,137.975
0,0,90.36,0.313115,22.8507,78.2999,94.6736,88.8821,50.167,99.2319,53.2548,85.7447,123.487,100.234,99.7036,80.3072,106.635,53.4121,130.008,98.9636,111.094,117.158,115.254,115.677,103.145,101.385,111.049,104.011,94.8753,83.3147,72.6469,82.0623,120.647,85.6418,72.1219,74.0058,57.0655,98.5438,72.3304,64.6314,73.7162,109.846,87.2813,142.353,62.564,80.5771,135.424,69.9173,107.675,77.9422,84.8108,61.5948,93.4429,80.5826,96.5562,119.266,86.4496,88.8363,114.245,82.9175,109.502,88.6996,91.2436,109.046,119.582,72.8965,99.5865,112.945,108.656,118.24,67.3821,113.541,70.8894,91.9555,97.4502,91.0444,92.7062,112.562,74.5621,52.0026,89.7885
0,0,102.908,0.876973,6.14699,101.072,100.814,97.2555,108.315,101.367,93.2956,102.923,87.9484,101.205,103.937,93.4108,108.517,113.255,96.7096,92.3276,86.3629,101.248,100.344,106.836,104.91,108.167,100.521,109.571,109.548,108.598,108.923,99.3585,98.2487,113.571,103.108,98.0987,103.12,116.389,99.242,109.536,98.9467,103.502,103.853,102.142,105.94,100.747,99.0187,95.2131,112.019,104.414,101.781,112.847,105.452,98.6662,98.2224,102.472,113.718,102.236,101.116,106.948,103.234,105.076,116.132,108.336,101.926,112.232,113.501,111.783,110.516,106.421,98.2551,117.99,108.655,110.532,97.794,100.912,102.399,113.806,108.483,104.156,115.195
0,0,131.78,1.1253,14.5083,129.887,128.631,105.357,131.286,115.813,116.158,135.166,103.92,110.275,165.168,127.34,119.965,107.32,118.466,132.58,127.446,125.219,127.899,134.133,130.291,123.876,109.297,133.661,130.674,120.435,143.525,110.062,126.862,147.264,142.264,146.258,141.835,106.119,124.026,137.42,108.01,123.892,125.908,134.742,144.199,130.618,138.878,104.66,129.708,110.968,147.131,108.12,141.759,146.583,123.512,141.626,149.295,139.749,94.106,125.488,160.206,116.614,132.507,141.459,168.09,141.483,132.534,136.357,157.693,138.119,147.962,136.418,167.767,137.625,130.629,120.55,134.264,140.214,149.071,168.997,129.061
0,0,85.3633,1.86123,50.4504,11.269,28.8805,44.144,47.4522,48.5444,147.903,64.3683,10.3893,9.91897,117.298,75.3258,45.8873,83.3718,15.707,29.1334,160.446,61.3973,104.642,44.8794,-44.3177,71.5141,117.787,22.6143,169.629,18.1378,166.39,31.4959,68.5063,83.6953,165.046,95.4728,54.8727,68.6424,86.3788,75.6193,67.3788,95.349,91.8166,145.798,99.5759,114.632,69.3792,132.142,2.19059,39.0612,46.1285,37.9501,2.79055,88.8206,44.7568,83.0005,47.7283,133.73,49.5566,125.085,176.97,197.07,77.4414,148.055,121.864,102.642,122.843,93.7205,139.669,126.379,76.5096,164.66,100.697,58.5065,73.0538,143.69,126.794,152.035,110.783,156.333,125.352
0,0,94.1677,0.757781,8.12314,92.0805,90.6614,92.3258,91.8432,96.5441,90.5617,86.94,84.3723,94.6111,88.0297,85.7681,90.1136,85.0318,83.3754,89.8062,93.3545,82.3325,96.5322,98.481,89.2014,96.7576,91.0925,108.533,96.0352,88.6504,83.7307,88.5465,86.8957,101.643,100.359,99.7367,101.808,108.456,93.7075,104.395,87.5541,95.2908,98.9643,85.9738,78.6412,99.3696,100.531,116.836,106.141,85.5903,93.8097,94.4344,103.806,93.1953,107.929,105.476,99.3605,103.487,87.9078,97.8016,98.0405,91.267,101.76,95.6478,94.3616,96.9176,92.4605,95.6355,98.6132,91.32,105.673,104.949,88.6512,83.0666,111.715,97.1968,90.7674,105.922,95.2336,88.62,96.2864
0,0,117.501,1.03669,5.16217,114.892,113.993,110.156,103.974,110.212,108.572,106.613,110.934,110.11,118.473,114.387,126.84,120.828,118.003,110.811,115.28,104.531,115.054,116.253,114.006,111.512,123.429,114.225,107.119,107.759,103.931,119.501,114.947,111.181,114.331,116.516,108.263,118.419,126.573,122.021,108.509,126.49,116.641,118.232,125.621,117.717,121.177,119.669,124.2,117.287,125,123.767,125.457,117.316,122.257,127.338,122.634,113.467,121.878,122.538,123.145,109.739,123.345,124.275,117.929,126.083,125.662,130.662,117.639,120.186,119.408,125.7,121.922,124.937,120.284,118.124,125.771,134.817,127.529,126.717,134.654
0,0,102.112,0.620985,68.1823,55.1787,115.403,56.899,80.97,112.67,115.437,197.787,117.383,119.298,12.7511,91.1303,51.5532,224.431,-26.4478,113.338,125.837,133.925,106.587,180.396,94.7364,50.7737,96.2342,133.432,188.679,164.838,201.861,127.403,68.1377,-48.8103,125.085,141.612,86.3648,173.525,58.4953,-4.64729,155.02,176.252,90.463,176.749,177.783,144.447,93.063,39.1262,90.8988,144.599,50.4648,26.3268,88.3677,161.96,203.831,80.2435,117.065,206.828,-67.4397,-10.1884,51.8893,105.737,135.881,130.602,207.299,89.4063,147.18,66.5348,163.498,93.6143,267.002,-81.8555,57.169,114.927,208.395,108.538,180.19,184.488,143.844,31.0815,105.833
0,0,86.1655,0.96918,39.6564,150.643,35.5473,21.4005,96.6594,86.113,71.8313,134.409,57.3418,65.9011,139.248,95.0233,101.038,127.396,23.1561,79.3382,147.352,50.0731,30.3699,108.358,108.876,7.24137,105.64,93.6329,62.814,55.8234,103.141,81.1736,73.0468,112.879,40.425,65.2701,104.961,116.746,84.0584,163.229,109.801,88.7797,52.1544,72.333,29.4562,76.318,92.3402,86.5516,32.1648,56.0022,112.523,49.9499,58.3389,37.3939,69.7223,101.138,65.011,117.172,151.432,117.477,89.356,80.1661,102.953,53.3479,112.767,84.3363,82.3034,75.7502,123.051,85.7943,140.936,33.677,54.84,138.181,113.698,79.0216,119.02,186.61,99.4485,105.883,95.4551
0,0,123.861,14.1159,12.2166,2.85365,11.7644,5.5107,23.7788,42.7204,48.4517,45.5622,23.8738,45.6467,44.1654,42.3315,41.036,67.5542,51.2647,57.3368,97.9976,77.3911,61.8209,83.7967,56.8072,81.0975,74.2522,72.035,89.7988,83.1362,109.017,99.2917,122.124,105.446,102.821,114.507,116.538,114.271,116.625,136.344,118.698,115.657,130.696,136.235,133.372,126.497,138.595,164.005,148.889,147.05,150.184,159.959,156.153,143.594,167.326,178.334,176.828,163.387,169.745,159.972,164.255,181.322,171.019,191.354,192.883,190.69,192.595,214.358,220.095,189.9,232.327,220.265,218.798,212.491,219.215,242.952,224.308,231.829,258.184,228.355,238.058
0,0,108.408,3.41909,1.32522,84.5248,83.567,87.2603,85.6859,86.5046,86.6947,90.5972,88.2789,89.1095,92.6747,90.4604,91.5771,92.2179,95.0513,90.0721,93.8447,93.944,95.104,97.4409,97.9438,98.6665,101.098,100.602,99.365,98.6804,102.176,104.184,102.285,103.472,105.532,103.768,106.359,106.009,105.826,108.038,108.496,106.73,110.444,110.257,110.69,110.423,110.134,112.997,113.356,116.575,114.298,116.117,116.845,117.092,119.445,120.564,118.886,121.246,121.148,118.84,119.634,121.35,122.127,126.37,123.985,123.874,126.218,125.575,127.24,127.493,128.972,128.389,125.733,133.134,129.19,131.758,132.663,132.499,134.101,134.335,134.387
0,0,104.033,0.552514,7.57015,95.0085,112.79,107.498,106.382,97.6846,100.279,104.977,101.672,98.6001,94.8887,104.05,96.421,102.817,116.428,90.8903,118.579,97.6126,93.0026,100.884,105.14,100.257,100.951,106.052,116.743,107.994,98.6654,96.9061,126.227,93.2817,102.862,105.265,101.07,111.943,112.547,112.229,110.623,98.998,92.6978,109.212,105.324,115.308,102.06,108.68,112.848,100.968,111.06,111.483,99.5309,95.2575,106.242,119.097,109.202,105.127,103.42,120.01,101.273,110.596,108.23,102.348,115.83,100.264,99.7938,96.0483,97.7327,109.239,112.723,97.4873,116.694,103.087,107.517,100.681,124.063,101.36,106.466,103.365,113.086
0,0,117.209,0.921202,29.7353,188.051,101.046,101.531,116.698,124.211,90.0653,43.883,100.433,101.825,71.4892,130.038,108.357,111.755,111.186,134.156,111.039,169.611,145.764,156.549,100.118,112.046,87.7519,109.95,149.522,101.115,109.835,151.019,125.855,81.0825,109.412,113.207,149.487,110.057,113.873,76.584,110.284,145.706,139.972,163.567,99.8679,94.6761,125.13,108.39,90.5165,98.0079,54.912,125.888,145.364,139.133,114.384,107.179,105.344,174.823,122.199,134.567,172.612,131.55,94.3934,98.6071,106.925,142.034,129.348,75.2425,112.475,124.875,155.522,81.4564,127.694,163.24,114.364,59.7108,125.361,96.1205,100.737,133.121,151.974
0,0,66.6351,1.57942,2.91059,54.3661,57.7824,56.5557,59.9129,56.2023,60.3948,56.2569,62.5129,57.2283,57.3616,57.2937,56.9262,53.8677,55.2011,55.4769,63.1189,58.0492,59.9526,62.4231,62.932,65.1336,62.2481,60.7505,62.9026,62.6377,60.4002,55.9649,57.0312,68.5844,67.2027,65.3849,63.7234,63.6904,64.4981,63.9542,72.6023,69.8526,65.8863,65.4175,68.3959,69.2244,63.6734,69.7172,63.8167,71.2851,69.8916,75.4316,70.7158,65.8221,72.5897,69.0402,69.8848,69.5806,73.1463,71.4045,72.8604,71.3718,71.8502,74.2601,77.4809,77.3302,77.0577,74.6382,75.884,80.0785,74.9789,77.9144,72.3542,79.7503,79.965,78.306,78.3346,81.6004,80.5482,74.8383,81.3923
0,0,131.146,0.516356,13.9012,122.28,132.631,113.179,122.26,158.027,125.627,117.765,119.402,156.515,116.744,110.245,113.149,136.463,122.444,127.628,123.069,128.924,161.269,134.152,130.473,103.501,147.305,134.398,155.86,130.435,148.041,117.818,106.104,148.481,126.898,116.471,123.986,133.726,88.8236,129.936,138.072,127.3,149.569,152.076,134.005,115.92,134.319,148.214,151.679,125.817,135.635,150.694,109.253,141.779,124.588,126.948,141.42,133.464,123.447,139.895,128.408,140.298,159.668,159.735,125.665,175.658,120.924,149.043,130.07,131.472,141.827,123.875,140.49,151.255,132.325,119.211,137.338,130.532,138.632,128.613,104.662
0,0,119.489,1.17841,10.7901,99.3408,136.456,110.216,135.081,93.6149,123.285,97.3323,110.678,127.84,119.914,109.747,106.568,126.829,112.548,119.936,125.718,113.95,128.209,115.671,115.115,117.353,111.204,109.373,103.673,112.834,132.998,128.822,112.249,108.252,109.922,111.49,117.076,116.651,122.354,111.999,127.389,113.224,104.533,136.005,119.708,105.049,119.855,123.988,133.863,116.689,110.925,126.807,124.833,122.233,113.484,107.648,120.074,124.401,130.277,115.32,131.239,142.088,124.267,151.449,129.096,126.338,111.919,143.088,124.237,135.719,115.443,139.402,115.022,132.406,122.133,119.109,150.787,117.203,134.457,132.779,141.027
0,0,108.406,0.613994,3.46802,108.786,110.388,109.466,107.293,105.663,104.164,94.9082,107.743,103.863,106.98,106.647,103.376,106.738,105.364,104.751,102.462,106.767,107.011,97.5253,105.138,105.348,103.733,108.466,108.358,107.985,110.062,100.143,108.788,110.34,105.171,108.289,110.224,108.31,104.171,108.158,109.863,106.168,105.663,111.539,109.384,107.813,110.05,112.685,105.447,112.13,111.141,104.258,105.163,104.512,103.519,101.187,105.418,109.875,109.059,109.1,114.769,107.744,113.406,109.861,109.319,116.578,110.804,117.772,111.261,115.361,112.823,114.477,114.168,113.128,117.211,110.023,111.181,109.584,117.125,117.432,110.663
0,0,86.939,0.538778,2.34435,83.4267,84.4641,85.9022,82.4208,86.0715,82.6638,85.6444,83.5265,81.7656,83.3057,84.2431,85.1759,83.5965,84.8023,87.9062,88.6171,83.488,86.9317,85.2087,84.3207,85.4537,83.268,84.0153,84.9867,88.013,90.2722,84.9906,86.1276,90.5507,84.5056,85.4041,87.92,81.1465,90.6725,86.8162,84.1774,87.9209,87.737,90.6112,87.1371,89.5716,84.4709,84.645,87.2147,89.6188,91.1594,82.0765,88.9601,88.6134,86.7871,85.9976,90.2849,90.2955,89.6213,85.524,87.7769,89.8774,89.368,94.3164,91.1852,84.987,87.614,90.4237,91.8516,91.8516,90.3311,89.5144,89.6137,87.4316,91.5939,89.0603,90.1677,87.3227,91.8496,88.0344,91.2166
0,0,111.81,1.25044,13.0471,88.767,92.4275,93.8332,97.5657,100.32,98.6661,100.574,121.543,99.0956,99.067,102.827,111.565,101.838,125.507,94.3946,110.604,89.9455,103.314,105.104,130.715,116.488,115.456,116.331,96.2364,67.9824,125.293,107.595,114.679,95.911,100.601,102.254,91.6704,103.275,121.619,149.967,100.373,90.9487,88.383,123.997,116.535,96.1857,121.216,135.789,85.6974,118.304,119.008,95.3544,108.602,95.5076,105.955,106.873,136.213,113.039,134.311,117.572,108.596,136.102,121.572,111.096,123.587,128.874,110.584,129.171,120.206,133.464,106.528,116.981,109.288,97.4071,129.006,111.206,116.511,145.029,110.221,122.325,141.106
0,0,132.143,0.219534,1.59331,128.828,132.859,130.613,129.664,132.112,128.717,131.646,130.594,132.409,130.865,129.603,128.539,131.469,130.385,131.275,133.438,130.662,133.749,130.037,129.153,130.363,133.915,132.353,132.014,133.245,129.251,131.415,131.823,131.877,134.647,130.164,130.971,132.3,133.159,133.607,132.57,131.02,133.38,131.353,131.444,132.942,131.666,134.904,130.938,134.705,132.151,134.042,133.075,132.623,131.324,134.359,134.51,132.231,130.785,133.078,133.814,134.232,131.751,133.807,133.114,134.546,133.996,134.43,133.041,132.218,133.149,133.414,133.086,134.776,133.221,134.396,132.197,132.443,135.981,134.244,134.191
0,0,123.526,0.835271,11.1894,126.744,123.672,125.221,117.415,106.915,113.27,118.477,119.846,120.766,120.938,112.702,127.576,118.907,120.572,121.278,123.89,121.518,121.524,122.234,130.197,114.259,110.477,127.876,120.041,110.273,141.306,114.15,128.102,130.954,135.971,123.886,123.252,127.334,130.306,124.38,105.068,144.484,131.988,120.109,140.452,129.694,115.72,116.952,112.083,130.524,116.276,112.843,114.113,134.623,113.589,125.774,113.555,126.531,134.82,120.949,133.48,115.099,135.866,134.607,131.219,128.149,146.223,141.4,125.341,133.649,113.885,146.657,111.346,125.802,144.365,133.912,147.758,134.962,120.479,107.609,124.534
0,0,139.053,0.899482,35.3298,142.572,145.938,133.162,161.557,118.667,55.8638,170.315,130.968,108.484,122.324,172.117,136.38,135.688,145.497,147.338,81.6546,158.733,84.7557,124.948,109.482,101.031,109.501,118.72,105.893,159.356,101.489,145.498,172.869,102.339,135.675,181.942,134.293,201.693,121.092,157.315,100.937,174.542,162.464,156.417,178.703,137.6,124.25,95.8163,131.827,125.927,140.623,83.596,141.115,110.575,112.581,171.403,203.256,163.031,143.765,122.287,177.856,118.336,178.426,143.671,215.005,126.385,195.314,101.63,159.017,174.182,174.601,160.732,160.539,164.656,122.592,82.7591,96.1285,166.421,165.326,190.517,134.618
0,0,90.7286,0.29331,10.9273,91.3633,89.4174,87.4606,86.4375,100.089,93.1878,71.3451,86.4018,112.132,84.1994,83.4605,89.2307,83.5832,96.0507,71.6114,89.2985,90.144,88.9776,83.1079,87.8826,104.975,86.0296,86.5239,91.9524,91.2385,100.173,80.1576,71.6589,102.249,81.9928,77.9756,82.8544,91.6384,88.1977,107.573,88.1622,99.4516,91.0777,84.4435,96.5527,104.683,78.1088,76.6889,104.504,74.4942,88.6165,91.7126,92.5644,98.7661,83.6642,103.151,78.2483,88.5953,100.765,106.18,80.5752,70.0546,83.6451,92.2054,98.6154,92.5793,105.077,89.4658,71.0159,80.7755,90.7591,97.3519,84.2422,100.929,75.7267,80.8608,82.1138,95.4649,107.68,90.504,104.256
0,0,115.519,0.642696,29.4319,107.997,79.8131,138.21,63.6566,110.662,116.541,136.617,150.716,85.7838,85,134.012,118.076,70.0502,161.577,102.656,146.062,74.3196,108.781,75.9363,130.35,129.556,110.505,126.613,112.423,88.0993,81.9696,134.556,121.053,118.462,140.597,95.0009,129.296,108.44,116.064,155.232,161.329,97.233,83.1011,106.652,97.2773,104.735,102.095,83.4811,117.793,117.391,107.068,104.337,60.039,86.1357,94.1519,63.6306,116.347,151.069,148.001,145.135,128.37,70.552,112.583,123.293,117.645,151.503,100.704,148.49,130.906,104.734,156.898,106.058,95.762,130.083,121.302,122.281,110.272,172.593,65.1824,156.426,109.093
0,0,69.9309,0.330828,25.1757,17.6199,62.7127,58.0502,87.0465,85.9768,52.9752,54.0914,83.6943,91.5189,86.523,70.9442,81.3499,73.0389,80.2253,121.344,62.1132,54.1031,28.8739,64.5434,92.029,95.2781,84.2925,39.0438,103.636,78.1771,90.6263,70.7856,92.2409,87.842,99.5899,92.1798,74.017,98.2121,41.2449,117.117,61.6774,80.3471,85.8875,74.4999,120.983,107.726,15.153,34.6873,69.715,72.7567,60.4916,43.6875,42.4655,44.2464,59.9809,68.3682,95.6091,59.0279,78.3164,56.1193,51.9368,19.1735,64.9054,75.3581,87.301,70.8807,71.9521,92.2788,106.291,61.0253,100.513,74.1919,80.1753,64.3467,19.1698,62.426,94.8272,57.1962,104.56,43.4944,115.404
0,0,115.47,0.877021,8.63833,101.196,109.41,112.446,97.1536,119.215,107.122,111.287,116.327,99.9337,114.856,112.447,119.394,125.712,99.5591,113.588,105.988,115.873,121.962,111.795,124.75,104.651,113.03,119.261,105.296,113.087,110.558,115.781,112.99,105.56,118.878,114.97,109.662,111.321,117.06,109.51,115.211,114.475,128.172,113.651,127.635,112.156,119.688,127.921,124.524,112.747,105.47,129.473,132.886,112.764,109.587,121.137,110.707,123.528,116.023,126.907,111.122,110.133,127.892,122.033,120.112,104.94,133.886,116.591,128.7,120.521,124.172,103.611,104.948,136.655,119.334,119.971,113.469,125.622,114.771,122.739,118.531
0,0,106.164,0.183295,7.04498,123.197,94.6422,100.729,101.615,102.666,100.285,107.491,97.2682,104.916,109.064,105.705,98.4207,109.234,91.0032,94.9587,109.78,106.216,106.108,98.9249,108.607,106.904,107.811,111.746,107.18,109.132,104.603,104.729,113.171,104.011,109.732,87.4949,121.972,104.938,121.138,102.106,98.5279,103.103,101.049,97.6738,106.868,113.089,99.913,115.207,115.1,100.525,113.025,107.708,96.4085,121.097,105.158,107.567,103.11,115.595,103.72,118.25,101.491,111.032,105.04,112.521,119.02,108.782,104.575,101.157,101.936,112.22,101.239,108.732,107.041,105.753,110.65,100.724,116.288,105.011,119.056,101.41,89.3133
0,0,94.3391,0.212776,2.85635,91.0786,91.3884,94.4296,91.1382,94.482,91.3248,96.2108,91.0225,95.017,90.6646,94.2673,92.4697,97.2098,91.1897,91.4301,92.1979,93.5446,92.8023,88.5866,89.4359,95.8652,90.8923,88.0818,96.6457,90.8591,91.2261,89.7676,92.9565,92.3906,94.2977,95.307,97.0254,94.8592,90.5217,91.3769,91.149,99.2373,91.3833,94.1187,96.0976,91.354,90.5384,101.037,90.2167,94.3156,97.1941,90.4295,91.8889,92.3663,99.9273,91.6591,89.4719,95.6163,96.5452,95.2906,98.3331,94.7768,95.554,96.0534,95.9978,90.8525,93.3096,94.736,95.9375,97.2109,95.0027,98.029,97.4163,90.9481,97.553,99.8766,95.6215,91.8226,102.046,93.3137,99.6653
0,0,135.903,0.11557,3.13698,130.859,130.463,132.59,134.331,132.213,130.346,134.178,130.911,134.011,130.996,132.376,136.799,135.989,131.615,144.31,129.307,133.841,131.411,127.541,134.384,133.865,135.369,138.899,134.597,133.426,138.244,135.316,130.514,132.61,137.65,131.903,128.19,138.493,139.755,131.294,142.439,132.941,140.452,139.812,135.341,131.579,138.475,135.217,137.708,134.744,136.556,136.019,134.053,131.396,136.41,133.703,139.997,132.564,134.353,134.236,138.269,134.584,138.174,141.961,138.296,134.623,140.073,135.735,138.339,140.726,136.285,138.691,140.301,138.693,139.577,132.504,132.631,136.663,127.237,139.105,139.113
0,0,112.087,0.261918,11.4322,102.198,122.127,125.676,98.3717,112.207,118.779,104.555,105.773,118.782,100.643,95.4698,104.684,106.59,141.176,88.8762,110.903,95.2032,110.401,117.123,102.041,97.6178,120.055,120.566,114.425,97.7972,97.4862,89.9829,102.769,111.796,112.558,113.237,83.3123,108.371,100.524,98.7345,105.888,122.525,123.012,109.166,129.207,91.7366,113.225,100.994,92.5482,102.296,87.9966,118.946,116.463,103.14,115.622,115.472,123.798,109.679,109.936,108.304,122.52,131.205,120.891,107.308,124.577,120.709,129.481,113.992,107.991,122.355,117.724,103.754,107.913,104.062,118.345,111.58,116.133,115.125,117.767,96.5669,106.336
0,0,120.558,2.08806,16.9264,136.462,82.9356,121.339,120.64,93.246,107.672,94.9321,116.155,98.6772,92.4304,124.155,75.8642,114.068,133.563,115.411,133.761,114.121,119.447,87.2832,137.253,100.169,133.343,114.115,107.722,139.521,139.977,114.172,109.809,105.036,87.9339,123.175,96.8692,86.7361,102.698,95.39,111.347,90.0726,118.137,125.59,88.6162,123.733,94.0211,92.0835,139.979,154.924,117.675,101.711,111.548,107.21,132.827,93.8342,106.776,131.253,113.726,142.663,119.543,118.1,124.29,143.717,129.663,145.317,153.382,113.666,113.773,142.307,118.685,129.084,144.031,128.428,157.754,112.671,183.807,128.1,134.421,148.305,123.511
0,0,126.599,1.75051,5.99317,123.793,116.886,113.724,118.198,110.333,103.807,120.13,113.404,111.503,114.168,119.541,122.045,119.226,117.535,126.024,115.472,124.566,122.427,112.8,111.836,118.087,131.835,128.741,122.396,123.166,133.311,120.431,123.527,135.318,124.764,130.713,119.68,118.208,122.728,119.237,131.998,126.249,123.43,122.186,131.152,125.76,134.712,144.469,130.686,111.899,131.136,135.578,138.057,120.362,136.371,133.476,137.256,130.642,128.68,122.903,123.231,140.578,130.483,129.726,115.778,141.337,126.211,139.619,131.651,132.7,130.194,138.306,135.371,143.168,136.784,135.167,143.731,138.785,131.783,131.753,135.41
0,0,90.4633,0.842507,0.257512,84.5524,84.7418,85.2181,85.0417,85.2503,85.2876,85.2359,85.5704,85.9383,85.8704,86.5637,86.3023,86.7336,86.7362,87.3085,86.7106,87.2209,87.4718,87.7349,87.7355,88.1222,87.9856,87.9993,88.3593,88.2624,88.969,89.3398,88.8863,89.5794,89.1602,89.4731,90.2053,89.959,90.3638,90.4173,90.2571,90.7833,91.0674,90.903,90.8452,91.1959,91.3643,91.8321,91.821,92.1072,92.3387,92.3313,92.6665,92.3679,92.8563,92.5086,93.3012,93.0788,93.5439,93.8241,93.8835,94.2147,94.3604,94.7426,94.5195,94.3928,95.1115,94.9809,95.6039,94.8361,95.8144,95.5716,95.6661,95.937,96.1802,96.2734,96.7062,97.1995,96.926,96.6801,97.2896
0,0,85.6758,1.27125,1.97016,75.2309,77.0985,80.83,74.4674,78.4957,76.868,77.9625,75.5023,79.6875,78.7298,79.1651,78.4364,77.3396,80.3433,76.7573,75.8844,82.4291,81.4927,80.6494,82.0932,79.0878,84.7639,83.0702,84.0625,81.9515,83.9411,83.9464,88.2273,86.0102,85.1374,83.6631,86.2717,84.268,86.3615,89.6096,86.5286,83.647,88.1743,85.6034,84.731,86.8713,86.2081,86.2868,91.2617,90.8313,84.761,88.6319,90.8477,89.1327,90.3354,88.1212,89.2668,89.4991,91.0562,89.9103,86.7751,89.3594,93.4064,94.5574,90.6925,94.136,91.8273,92.5472,95.0868,94.8173,94.9695,94.0523,92.11,92.7568,94.1918,93.7206,95.9528,93.9246,94.3019,95.9512,91.5923
0,0,87.573,0.57237,25.6945,86.8471,79.0114,81.1523,96.4579,49.3212,75.9006,97.3087,83.4346,58.5382,85.2564,134.585,92.0741,71.9684,62.5926,84.3013,62.2332,106.41,75.3951,105.517,94.0251,114.845,107.741,62.5716,92.3986,78.6452,88.0296,74.1368,73.2429,78.0411,87.9045,71.9099,73.5716,92.9576,86.7408,77.3728,49.7904,57.0401,35.244,99.6122,81.9668,95.047,129.821,79.4711,140.771,95.1858,93.6242,61.9379,113.067,74.7111,91.5272,65.6304,107.404,74.1658,105.843,89.7254,123.576,123.367,91.7277,132.868,93.9176,107.886,159.436,52.6814,76.0999,107.094,77.3171,37.8859,98.8099,49.0549,67.9804,77.3403,91.3333,80.622,110.753,49.2808,139.301
0,0,121.483,1.00818,17.6997,138.289,105.161,113.781,125.457,148.916,112.598,115.306,116.78,125.695,130.834,128.208,70.8012,136.115,134.809,95.2675,100.663,90.2072,96.8718,127.202,116.491,108.186,122.108,103.094,114.029,124.287,155.736,105.142,105.581,98.9096,102.338,127.755,120.41,103.309,154.336,107.972,132.41,164.928,116.399,127.129,105.883,111.849,119.392,113.722,129.584,147.427,118.947,112.693,140.526,133.865,150.925,125.167,115.42,144.868,126.327,126.675,132.161,152.639,130.125,135.245,103.74,118.061,105.41,142.817,139.098,102.888,143.038,125.804,154.678,137.692,132.008,126.326,135.607,106.327,134.291,165.199,142.342
0,0,91.5593,0.609292,1.86959,84.7015,85.7534,91.4187,89.2845,88.039,86.3451,87.2303,87.1783,90.1825,87.6212,87.7727,89.7249,88.8282,93.5005,87.0113,88.7573,88.3632,87.5578,89.6186,90.5248,87.6687,89.1557,91.1039,89.0104,89.4595,93.1804,90.9739,91.0197,91.5182,91.8782,91.1749,90.9703,93.001,92.1262,92.111,91.6573,92.1027,91.569,94.1272,96.7828,91.4897,95.548,88.6312,90.5791,95.6275,93.1745,90.7472,93.1842,90.8966,95.1293,92.8473,91.9286,92.0404,93.7229,96.8442,94.6308,97.5496,95.2429,93.5277,92.3508,92.2475,94.0452,94.9075,94.2569,93.2204,95.303,96.4936,95.3105,98.8026,95.6593,93.6746,96.4373,93.9773,96.6192,98.6659,94.3577
0,0,106.856,0.696444,20.6674,137.355,122.354,130.955,106.583,109.088,118.396,110.864,101.545,101.394,127.85,115.176,107.653,118.447,113.172,90.6573,97.0842,92.6085,91.0841,124.221,61.1282,111.202,107.324,74.6657,64.5025,110.843,77.3331,53.9253,130.793,150.29,141.431,64.8884,80.9351,115.377,101.137,122.835,142.845,96.3581,67.2698,120.162,105.934,109.057,89.469,115.866,141.026,124.739,126.128,128.185,130.202,61.2305,114.538,78.8418,122.571,114.864,82.5926,162.289,89.3265,103.14,135.864,117.117,96.1766,83.7513,80.0808,113.42,97.4984,122.153,98.7951,106.441,112.92,104.153,107.02,137.302,128.125,130.734,112.539,127.902,113.951
0,0,145.834,7.06064,4.24508,99.4465,102.884,97.6793,97.767,105.325,107.716,106.422,110.274,104.733,109.952,106.93,116.158,110.403,110.073,114.012,122.9,126.168,125.623,120.773,118.694,122.166,126.6,133.281,128.293,128.909,133.266,132.605,135.23,125.841,138.599,139.719,134.593,146.608,143.056,138.74,150.221,144.272,148.418,147.19,152.848,153.722,154.555,152.69,154.754,157.716,153.565,167.28,171.17,158.6,163,162.178,170.28,169.732,173.506,174.71,171.574,177.083,176.879,180.585,178.205,180.243,173.173,183.895,185.818,183.943,194.935,186.132,187.931,190.857,195.309,204.606,198.359,203.169,203.725,201.279,202.565
0,0,96.3528,2.02494,16.0199,106.305,114.066,75.1551,107.34,72.0699,53.4715,75.8794,78.3431,89.8377,88.4988,71.1009,98.5904,84.3895,91.5849,72.2486,105.541,92.3541,105.968,74.4529,96.7526,81.5516,94.0352,91.0495,112.376,112.977,84.2688,76.4869,76.4035,97.9577,96.5612,77.5262,80.9318,92.489,88.178,87.9329,71.5643,122.511,98.8608,105.456,61.8085,118.186,79.0688,89.8633,107.472,88.2704,120.048,107.476,82.6332,89.895,113.991,116.825,115.031,97.5217,70.4822,87.356,105.304,109.711,124.876,92.7308,135.191,115.487,132.389,111.808,107.114,108.659,101.4,97.2085,129.036,138.677,100.966,128.454,88.9471,106.809,96.3966,91.3628,133.421
0,0,117.894,3.88885,43.5823,106.053,68.4484,59.6859,64.5717,67.1912,56.0238,55.5536,195.926,117.172,51.4441,150.607,101.43,72.3034,105.402,146.47,161.168,109.475,101.428,148.486,114.772,174.19,158.792,69.0062,112.653,258.618,155.062,6.24156,91.5546,73.2943,90.0755,25.7672,60.762,104.852,117.393,46.4483,83.7278,57.8585,93.6938,62.4025,135.91,115.592,135.659,125.142,133.586,137.617,141.787,141.293,156.759,170.764,130.824,104.393,167.118,147.228,170.762,143.862,152.978,171.203,174.962,170.799,64.6223,105.646,129.925,105.475,245.149,148.069,183.259,75.884,135.478,189.56,134.967,164.385,156.13,171.533,74.2489,152.276,191.919
0,0,124.856,1.58533,35.3785,207.341,180.862,87.108,161.297,133.79,160.549,119.112,147.182,87.212,102.828,127.983,168.255,21.3229,101.673,80.1537,140.584,123.768,146.87,58.8216,124.848,103.203,142.342,55.0121,88.1421,135.476,135.863,169.026,122.965,75.5742,107.298,79.8492,166.672,98.7461,116.273,82.8795,145.389,96.1231,78.4903,153.066,80.9041,75.8518,103.828,121.839,83.3611,65.5919,125.526,78.3519,128.987,182.681,148.865,112.177,69.5621,217.998,87.3234,146.009,139.728,133.027,172.594,132.56,138.028,168.33,120.894,170.245,176.3,84.2738,97.9319,222.065,172.714,129.035,65.39,157.588,138.247,106.795,105.936,157.196,142.773
0,0,97.915,7.76707,23.283,78.0183,55.4964,78.6729,64.7021,19.2768,70.8153,53.4807,50.6244,79.5726,58.7075,71.6684,54.1683,65.3149,90.8758,19.7354,75.9393,62.4101,70.7525,121.262,51.4003,42.4491,44.3805,89.0591,84.0736,105.696,93.537,89.9844,112.014,68.0263,84.7901,61.4253,82.3785,110.092,120.882,91.5866,112.742,87.5199,99.016,76.938,114.458,98.0107,106.434,81.7775,91.9488,134.665,132.742,117.765,78.9129,78.8302,155.918,97.9573,154.495,130.631,109.315,138.376,158.865,153.63,201.856,119.286,128.81,151.196,148.319,139.828,108.619,154.752,165.147,170.552,151.633,153.94,155.667,114.387,159.487,153.927,117.675,142.422,151.364
0,0,87.9199,0.066247,49.4226,61.6623,59.6486,161.733,114.772,-57.5083,118.188,81.8148,-64.7379,129.504,89.5537,66.7854,124.137,126.518,121.339,99.4864,117.254,153.284,142.662,1.95785,114.916,97.1968,75.4198,45.0169,47.8037,8.94857,65.6367,74.4281,187.439,64.5548,41.4814,91.7088,73.9329,163.6,36.4956,167.254,91.4245,126.571,142.584,97.8085,122.801,31.5557,51.7206,136.264,83.5416,60.0335,50.6181,78.2231,68.7978,84.8045,74.0848,17.7859,65.6376,100.549,138.137,135.149,59.3986,84.849,149.516,124.367,137.079,123.48,130.103,118.407,97.9505,70.8189,-15.3807,126.578,124.839,171.434,49.7244,44.4912,142.01,176.827,84.0964,57.5292,35.5264
0,0,125.902,0.805385,44.2218,78.3137,108.829,63.0466,160.349,96.058,120.22,140.146,156.915,107.094,134.976,58.9377,145.191,18.8034,50.9163,100.66,135.253,108.228,141.921,127.176,82.3327,168.989,164.941,112.357,209.288,62.7719,59.0318,62.1734,110.352,94.1692,110.846,125.38,132.614,154.324,52.4423,148.29,163.794,104.83,165.714,92.1214,195.04,192.265,147.163,129.183,170.747,94.9768,158.642,96.7627,118.945,81.6336,113.613,189.132,104.667,157.107,100.508,84.9326,48.9389,137.017,188.176,152.947,98.3164,116.477,155.366,185.733,193.17,94.3996,77.2816,100.683,152.559,140.519,147.528,96.4766,118.05,208.935,145.458,132.845,106.722
0,0,143.256,0.764938,4.14291,138.862,146.307,141.224,138.863,144.314,132.78,139.985,141.993,142.009,135.024,139.6,134.671,141.419,138.423,135.967,139.685,139.836,136.59,136.827,145.739,135.987,140.104,139.431,142.564,135.405,144.966,145.61,138.786,146.411,146.238,144.506,143.708,147.14,129.78,140.174,147.269,138.434,137.461,149.892,144.522,145.202,152.314,140.585,146.517,145.889,144.039,143.349,148.198,145.593,148.246,144.481,146.332,141.564,149.663,147.916,152.537,143.166,146.222,143.36,151.23,138.552,150.937,147.734,146.418,144.567,146.51,150.193,149.562,146.719,151.178,151.79,147.119,152.415,152.544,142.989,149.368
0,0,89.2054,0.800938,8.35713,79.3861,67.9075,81.2366,78.8024,87.0889,74.8121,83.2559,83.9471,87.8835,90.8326,73.6188,88.8773,84.6485,85.3472,86.5505,90.2204,92.4674,85.5985,83.0531,76.4152,77.9563,84.2631,83.0455,96.3336,80.7273,95.5548,78.0694,68.1895,84.5216,87.4056,79.0774,84.7312,96.6285,94.0981,85.3612,88.0808,81.3697,91.1877,84.6332,88.3331,73.4685,91.6842,98.4635,94.9612,97.9019,88.4456,85.1811,97.8937,87.6111,82.4051,88.0251,109.733,84.2816,85.0996,89.6268,84.4721,91.1381,110.614,103.475,88.6531,102.775,107.484,106.666,105.518,97.6307,90.9877,111.526,92.6101,92.1584,93.5542,90.5354,77.0352,94.4771,92.5994,109.698,83.3769
0,0,133.205,1.50857,35.0702,127.82,146.088,74.4179,124.456,94.4439,90.7451,120.518,142.679,63.4902,130.355,60.0134,82.3041,144.648,167.941,137.187,125.769,72.611,117.939,138.511,150.447,114.239,101.312,146.407,106.792,127.175,61.3671,117.998,99.6957,77.4655,89.3058,112.248,103.255,196.474,104.812,153.051,147.069,169.141,167.941,121.798,126.951,122.57,139.07,166.111,182.275,76.1595,96.6012,102.743,107.188,132.969,130.347,70.4989,146.362,103.842,139.293,159.244,124.762,213.873,166.512,120.268,132.389,145.561,106.908,65.4549,83.357,133.611,166.345,177.792,119.824,123.786,223.166,154.55,162.435,129.357,105.244,121.63,134.657
0,0,133.948,0.121622,18.5436,126.498,115.786,153.935,133.667,152.448,123.661,149.486,148.787,125.126,128.24,134.059,133.781,163.348,99.5446,108.041,138.971,117.128,135.52,155.592,123.331,143.115,157.181,135.976,141.583,160.715,157.246,128.379,130.203,140.606,157.801,149.217,124.637,130.934,112.915,100.518,142.489,154.338,155.532,151.682,162.099,130.469,130.91,120.077,180.502,154.988,143.505,143.141,135.336,111.951,139.439,164.748,154.161,140.355,129.882,120.09,129.732,140.825,100.058,149.657,115.938,130.191,146.315,125.417,123.68,118.823,138.82,165.791,117.055,142.593,178.123,124.735,131.265,141.477,142.728,157.484,108.287
0,0,113.981,4.16598,12.4006,91.578,96.2807,79.1341,77.9394,81.7029,86.9825,101.65,89.6912,94.2701,100.999,92.2026,110.692,92.3162,105.581,92.5956,76.7687,91.3063,98.8976,129.889,110.396,123.042,111.288,84.7839,106.009,83.8993,106.244,105.14,120.089,104.613,101.759,127.336,123.331,96.5023,104.247,106.105,104.639,117.23,121.381,103.534,116.714,110.243,120.321,119.524,116.306,126.129,140.335,124.081,129.512,148.991,131.033,123.573,119.219,120.176,139.995,92.573,134.899,114.956,115.833,116.182,146.948,148.817,149.895,156.422,147.945,144.196,136.956,135.822,139.117,148.937,134.811,132.428,127.991,156.707,131.989,146.585,148.457
0,0,134.946,0.947288,35.7725,72.5625,42.4053,171.657,111.368,116.088,160.27,100.61,121.568,121.104,147.979,137.185,221.038,137.208,111.383,189.392,98.3666,169.288,177.028,156.113,125.733,115.664,126.868,168.247,87.0572,157.125,149.389,182.656,37.143,52.4191,67.1603,137.514,60.7202,166.895,141.313,121.948,102.464,179.096,152.783,157.55,214.221,64.9689,108.008,58.2877,93.0036,132.479,133.4,138.527,137.648,117.05,125.268,117.055,139.942,158.089,176.321,119.869,143.318,132.019,167.395,148.736,176.188,173.874,151.467,105.524,131.17,143.235,104.017,120.27,150.519,91.9639,140.654,131.074,105.927,170.22,181.695,133.14,167.14
0,0,98.4875,0.987415,55.5297,159.389,36.8447,111.594,75.7475,142.478,146.994,125.556,-60.5216,132.131,108.987,82.7882,106.01,122.869,110.033,77.9397,23.1904,25.4463,136.381,95.5896,85.7034,89.523,35.8729,40.5792,130.333,170.089,89.6958,182.204,146.647,2.74719,110.728,121.062,190.804,148.033,96.2886,253.178,43.0777,206.943,176.591,91.8195,104.373,179.358,86.0532,78.5535,133.834,72.5327,156.784,85.2126,129.176,51.8725,48.4334,14.9086,172.989,3.6922,109.84,165.977,183.312,85.7722,130.142,108.367,151.992,17.8568,120.934,124.9,139.784,66.1344,130.851,109.152,38.6344,242.754,108.649,79.9521,145.877,127.766,176.176,77.3771,123.011
0,0,102.388,0.233519,7.47084,103.771,99.8761,78.0826,106.866,103.172,93.7314,106.76,95.5198,107.847,102.89,101.221,98.4637,100.424,98.7842,90.9278,100.497,95.5061,105.287,108.982,97.872,112.226,98.9941,96.9789,102.698,104.247,95.1611,94.3321,105.399,116.597,113.668,108.17,105.721,95.3921,98.9185,102.711,108.008,96.4392,92.4304,115.397,108.107,92.254,118.455,116.434,116.173,109.061,107.156,109.272,92.8175,105.008,103.573,113.218,106.808,114.395,86.6976,119.043,95.2357,106.137,113.838,102.455,105.577,109.226,101.172,96.303,101.003,100.546,103.796,97.718,112.902,102.175,103.874,100.569,100.308,100.596,102.879,109.846,108.207
0,0,117.478,2.1274,4.2398,107.496,103.49,101.003,98.9725,101.616,102.064,104.706,110.536,101.35,108.085,103.85,114.612,108.723,104.237,109.866,106.252,110.539,108.412,108.078,107.489,109.367,115.288,110.873,111.914,113.327,108.654,116.922,116.611,110.915,107.206,115.442,113.783,115.938,121.769,118.515,120.238,113.165,114.666,117.782,121.832,124.906,129.138,123.549,122.324,131.018,117.715,123.268,126.274,112.069,122.275,123.74,124.199,116.369,117.153,122.313,126.304,125.661,125.756,124.398,121.137,132.856,134.678,123.982,125.897,130.211,133.915,130.167,137.558,131.548,129.933,125.539,128,138.774,127.754,132.218,132.785
0,0,120.76,8.73853,25.7258,18.163,61.6402,83.622,55.3966,77.1041,73.8369,73.522,102.111,61.2492,91.4985,38.8723,40.047,68.2535,87.7438,55.9199,48.1331,58.7783,71.8935,84.8889,67.092,125.329,92.8374,122.493,84.1124,127.202,115.993,128.247,131.513,91.4859,124.956,96.7948,105.115,102.199,116.357,90.9393,107.005,94.8737,130.449,119.311,147.647,121.908,173.15,147.943,121.27,135.982,132.192,168.059,128.714,142.413,169.005,129.675,162.013,192.056,107.618,120.234,195.086,173.02,168.139,153.089,142.329,187.726,174.919,133.458,151.233,200.278,177.692,184.719,160.69,179.563,177.085,218.994,216.601,220.896,197.731,181.482,163.454
0,0,98.5779,8.16169,21.6999,15.6056,3.89318,54.1082,54.962,48.3672,50.7103,75.1762,54.5407,43.2714,77.6202,66.6411,84.0541,79.1644,89.965,56.7295,67.202,121.436,69.4973,75.6269,47.262,61.8885,95.4139,88.3098,75.0623,61.629,86.5524,26.2683,98.1181,125.449,71.6301,104.013,123.743,97.3369,58.7962,105.147,98.4063,130.028,137.054,124.258,75.0166,105.737,100.244,117.618,125.269,113.524,120.323,169.347,122.3,118.437,141.768,89.913,139.756,138.132,143.135,135.682,130.924,142.714,58.6102,159.668,110.274,117.42,145.358,148.28,140.862,151.385,150.22,113.722,153.889,175.474,155.494,167.217,115.839,163.07,141.4,185.433,188.993
0,0,123.692,3.15308,35.2703,65.497,45.8625,34.6083,97.5626,117.767,89.2595,172.986,90.1773,71.9545,107.42,172.315,141.338,199.079,92.5655,55.1823,109.811,93.0451,45.976,110.027,113.983,106.968,123.334,58.6609,104.104,95.3607,72.7394,141.327,103.352,151.505,123.46,161.75,88.9933,129.511,131.041,109.744,174.507,132.536,144.544,72.6142,131.393,151.577,129.198,98.2692,121.034,101.251,169.795,135.948,145.774,96.5024,158.618,88.1523,148.974,97.4302,161.807,90.3491,136.184,122.354,156.26,168.358,148.69,90.0338,120.533,132.83,125.647,163.985,120.853,179.852,112.744,166.873,119.244,118.69,132.153,191.825,182.442,77.7898,178.461
0,0,98.624,0.189126,18.8905,86.059,131.299,90.5734,94.367,81.9579,87.1787,75.1416,128.245,97.3251,72.4214,91.7589,116.79,95.7726,124.89,114.297,92.4058,81.0726,99.3157,86.6737,100.709,81.4846,97.451,113.707,104.785,86.5755,111.306,86.5956,126.222,105.1,90.3373,101.939,102.08,113.102,46.2903,111.708,113.934,103.611,118.784,131.187,111.87,107.066,130.057,70.8464,109.943,90.1742,90.3544,93.0631,105.571,113.965,97.3246,92.7643,90.1038,105.211,104.263,126.53,74.0119,99.8791,71.2842,99.8879,90.8742,126.307,122.947,102.805,77.4436,131.355,96.565,81.9598,90.5874,94.0852,83.9803,115.644,84.7561,86.9371,92.3386,72.2016,106.775
0,0,134.169,0.807517,20.421,165.471,138.912,116.238,96.6784,125.556,106.692,142.253,94.8495,144.453,108.618,126.151,122.989,157.814,126.082,173.414,146.714,137.092,113.505,133.02,104.422,113.185,112.671,139.47,158.873,131.957,115.303,133.336,122.04,139.713,153.148,123.212,125.974,153.324,141.155,139.866,145.724,172.362,163.897,148.071,188.245,114.353,114.651,131.651,94.6083,142.025,134.866,184.057,157.99,126.07,148.095,117.769,107.736,119.337,140.567,153.445,162.096,109.602,144.788,147.334,136.12,143.555,132.688,127.916,154.187,128.875,167.87,116.408,106.402,128.021,141.138,126.585,121.339,134.665,145.097,158.301,117.182
0,0,119.326,3.01272,32.6681,140.738,47.9799,164.407,89.5868,58.0044,130.028,61.9368,131.641,111.279,111.665,66.95,154.447,163.72,86.2962,74.768,74.9875,76.7938,110.101,110.336,140.981,133.212,89.0318,140.05,116.431,60.4207,91.0623,48.4842,159.092,151.399,147.72,158.286,145.045,59.1958,166.037,116.792,140.388,150.167,114.388,146.833,192.938,104.056,111.48,90.9413,170.302,192.611,139.539,159.188,152.508,164.767,106.698,126.122,129.813,128.867,101.382,92.1925,128.25,133.731,140.141,160.939,180.791,140.405,100.479,165.449,158.707,128.861,139.493,193.241,175.751,161.524,122.536,102.047,141.069,123.302,148.808,139.311,133.232
0,0,121.335,1.50378,38.0452,114.498,203.825,153.588,66.1054,189.735,35.6169,115.579,85.1731,53.1052,40.2418,71.9644,113.214,108.787,141.589,105.083,112.016,91.3182,104.414,90.7586,83.6161,176.752,199.995,87.5256,147.279,52.9313,138.197,201.243,126.634,109.722,190.63,157.455,131.701,88.4532,60.1363,90.5993,100.716,78.9423,156.26,159.538,112.989,150.671,131.864,211.586,169.733,60.7278,99.675,91.5892,175.89,70.4545,118.704,157.59,115.726,187.096,201.215,148.563,108.523,142.964,181.313,127.812,118.459,124.611,101.174,161.615,107.768,89.2415,119.617,133.713,7.10173,154.024,171.668,152.78,112.517,136.424,139.552,229.875,130.056
0,0,110.93,0.806628,11.3974,125.936,85.8763,104.04,104.145,102.701,102.115,120.072,101.119,128.775,96.4623,114.195,103.371,105.311,85.2192,102.219,129.59,126.676,124.025,111.346,106.429,116.201,126.447,116.187,101.813,104.208,107.196,105.736,120.749,93.6708,94.6979,102.128,122.627,120.287,135.241,111.688,92.2428,113.767,85.609,100.191,115.824,138.846,108.216,132.476,110.606,89.9609,107.4,102.73,138.168,121.548,112.858,119.421,88.164,118.603,113.422,106.658,101.263,122.801,120.033,125.233,119.879,100.889,98.1101,122.561,112.415,129.112,104.907,126.16,101.274,135.544,116.817,103.647,117.014,102.457,116.191,106.167,106.77
0,0,104.998,0.50459,0.576149,100.642,101.206,101.401,101.853,101.934,102.305,102.991,101.38,102.257,101.876,102.869,102.007,102.366,103.147,102.591,102.948,103.451,102.842,104.321,102.889,103.094,103.238,103.121,103.261,103.16,104.259,104.42,105.04,104.791,104.419,104.576,103.9,104.955,105.253,103.731,105.409,105.341,105.517,105.057,104.4,105.842,106.169,105.868,106.578,104.541,106.361,105.293,106.081,105.744,106.138,106.914,106.069,107.493,106.706,107.567,107.28,108.022,108.016,108.442,107.523,108.265,108.18,106.888,108.565,107.574,107.717,109.618,108.126,108.768,108.509,108.423,108.962,108.969,108.213,109.391,108.367
0,0,61.7223,2.27618,11.8352,41.038,40.2592,54.3615,37.2608,60.9109,39.6732,44.3374,26.4807,81.7124,59.8517,43.9951,65.071,50.3123,65.3785,55.2396,59.0677,35.1559,68.6518,38.8959,56.5625,85.143,63.5063,58.0884,69.971,58.8341,39.1862,78.8164,78.192,37.1372,43.067,54.4296,48.2575,52.9768,63.4946,58.1982,73.9542,61.3341,66.1878,63.3994,60.3595,91.8883,75.5435,66.7813,61.6887,49.5621,75.9306,74.8569,56.8575,66.5004,63.1519,58.9336,70.6009,73.0742,72.0478,61.1949,52.1066,78.0537,41.2229,42.2278,93.3577,78.931,71.9483,75.9171,81.5693,74.9909,83.908,64.1206,66.0337,64.1044,80.4786,92.6339,92.2689,70.6429,65.5885,90.4433,99.6847
0,0,88.9708,0.152583,3.83059,84.3245,86.3829,92.2702,83.6687,90.0812,88.4293,83.3389,88.7936,89.1649,90.4718,89.322,84.8071,91.4284,86.6343,91.1138,90.0179,93.5971,86.9565,79.8016,84.8181,85.8254,84.1365,95.7338,83.948,91.8017,85.5207,90.7993,91.2379,88.1752,89.263,88.04,92.3148,87.634,90.6261,92.0246,95.5062,89.6802,87.81,87.4261,92.08,86.8807,86.3522,89.2098,86.9635,87.5986,90.1453,85.9789,93.7266,89.7716,89.8602,84.2972,86.8775,88.9948,86.9198,96.7869,89.3264,94.5245,88.8265,90.2547,93.2805,90.4253,83.0394,93.6155,99.5018,85.501,91.1881,94.0547,87.631,88.1029,94.5388,90.972,86.4702,91.14,86.0599,94.4562,90.6128
0,0,129.244,1.5219,47.8885,121.03,176.157,178.691,59.3764,73.567,151.743,-1.17369,78.1632,53.3025,161.859,126.562,129.732,158.922,65.5745,175.729,135.382,111.773,140.234,195.025,124.999,106.041,179.957,183.59,203.905,76.1109,88.5238,71.0952,92.2946,60.449,139.363,74.1902,109.531,165.433,148.999,191.057,225.305,112.211,158.446,119.364,142.736,145.879,149.748,171.63,129.843,114.174,172.955,85.9835,121.051,100.609,123.535,82.7617,87.8451,131.444,133.72,154.934,128.666,87.4224,152.456,93.9265,153.606,202.581,143.546,72.437,78.8366,67.6485,136.236,141.735,152.972,210.361,182.89,187.629,253.746,42.0661,253.087,224.026,68.615
0,0,118.212,2.15652,34.3168,37.0262,86.587,112.108,90.4135,64.9144,83.9386,91.1066,106.289,99.2375,76.3116,72.7796,103.419,137.919,123.37,141.246,95.2789,102.695,139.454,108.538,144.557,131.473,188.732,163.884,78.6064,164.569,111.276,84.5809,117.908,147.793,109.214,86.8512,87.9603,35.7632,96.4454,129.622,77.5296,88.3037,35.2118,142.855,119.185,104.054,120.811,98.768,138.781,114.321,117.968,107.915,178.098,140.694,131.683,170.591,107.793,130.58,104.565,125.521,144.856,166.687,132.981,120.775,112.137,124.529,101.774,194.809,125.757,97.3641,92.6444,87.5885,75.5896,124.727,184.679,156.609,133.071,159.936,136.499,122.465,139.164
0,0,69.9907,1.03925,17.4809,64.4967,67.4136,37.1065,58.5903,66.5017,56.6106,47.375,67.6172,74.4796,67.775,59.1421,97.4342,48.0038,72.0335,79.9108,87.2624,83.4439,55.5991,98.7935,70.4638,47.0656,45.732,51.552,74.5073,60.0672,96.0089,56.1837,71.294,101.749,83.8326,81.7409,54.6593,57.4456,84.0854,64.5314,101.205,61.682,59.9497,58.8407,84.5344,72.0359,108.654,65.4881,118.869,72.8174,56.8439,77.6569,96.6422,81.1843,84.9656,72.3077,62.2536,41.8563,63.8721,88.282,54.9991,81.7923,85.2228,64.5985,100.124,95.3817,78.133,63.9878,94.1631,67.4647,69.0752,123.943,54.4476,66.2847,67.983,97.0536,79.5899,77.4515,53.466,107.476,71.2085
0,0,96.0992,3.48337,13.3679,59.4079,81.484,49.0502,68.8241,76.9891,74.4265,85.0974,93.6362,60.4565,68.214,65.825,70.0192,81.4894,107.535,83.0428,99.2036,87.1723,83.8928,78.9721,89.0125,96.4041,96.7939,107.382,79.3635,80.2184,90.1214,104.096,85.7006,99.9349,104.408,82.4258,108.894,80.494,103.033,111.533,99.6686,84.9185,110.352,109.964,103.104,111.096,91.5243,114.761,102.645,108.628,97.1882,91.3473,128.117,113.162,97.2258,97.3351,110.922,116.74,105.716,117.671,96.7114,102.814,124.462,107.963,139.717,104.419,137.949,127.925,97.916,113.586,104.909,121.403,107.769,112.36,113.293,140.608,126.472,135.172,126.239,127.203,118.971
0,0,76.3977,0.476187,17.6472,75.9649,93.975,61.128,102.154,105.432,52.8047,81.3867,58.4276,46.0793,68.2773,58.6432,41.8327,63.4805,47.0944,76.888,75.6883,75.547,80.0855,76.2634,68.3329,76.5247,97.2036,89.1455,86.1908,95.491,83.1224,57.2433,71.4007,90.5989,65.4732,58.0618,80.3376,52.2765,101.395,107.75,61.6322,74.807,80.9032,109.184,82.6367,78.3372,81.1256,71.2833,106.639,68.683,85.425,71.8559,66.9534,63.4719,65.7464,76.3402,62.2707,80.5541,75.2528,76.1684,88.0328,106.03,88.7552,72.2323,81.0776,76.5854,103.764,95.4628,104.116,77.3823,68.3882,88.0572,87.365,78.1696,71.395,58.0558,51.2545,66.3742,61.3755,76.0504,99.7149
0,0,118.211,0.32217,9.75663,119.767,120.29,113.789,109.077,117.263,115.713,130.333,106.891,103.603,109.628,107.444,112.789,121.735,115.019,122.605,109.541,111.558,122.528,121.734,103.531,129.527,110.272,109.821,130.089,110.219,128.357,102.744,103.985,119.426,126.794,119.258,107.162,133.962,129.676,100.329,121.642,121.24,119.928,110.127,114.047,131.998,99.8156,123.842,106.106,119.712,127.567,118.22,115.834,107.967,119.469,113.086,122.91,115.212,130.723,112.604,117.911,107.182,105.651,123.686,119.432,120.79,125.526,138.087,107.204,126.154,107.63,112.283,108.895,134.519,112.665,129.356,131.515,124.03,88.0934,127.878,123.077
0,0,74.4278,0.989773,11.1391,60.579,38.6029,72.4467,58.6759,61.7959,41.8455,66.4037,56.65,73.7124,51.4492,75.5818,58.8307,59.5801,50.8951,83.5086,87.2052,77.5938,78.3092,61.9639,67.1851,85.9325,62.6696,69.1966,73.2444,83.1115,57.4196,66.1204,60.9736,79.2659,86.8145,56.869,73.4493,56.9763,79.993,82.5161,60.3002,79.604,83.6218,93.8367,69.1953,56.381,79.5334,104.557,76.1163,65.8669,93.5559,86.6448,59.6706,73.451,58.4679,84.9999,83.7619,71.2531,77.4637,74.7399,77.7861,68.9187,76.5791,66.2162,79.5218,69.3446,84.7139,96.4764,84.6968,75.4726,74.6696,80.5684,82.2307,69.9969,81.0505,82.1262,67.8879,68.068,76.6737,91.6756,92.9837
0,0,128.443,1.23934,9.60578,119.033,118.549,116.371,115.482,126.646,121.573,112.357,125.071,111.063,123.756,128.426,130.594,121.82,123.751,119.912,123.398,130.499,126.7,133.311,126.876,111.353,118.553,122.207,140.243,124.156,137.906,129.21,114.313,121.947,137.376,126.649,121.239,108.536,113.151,126.914,119.807,124.274,130.06,123.43,138.461,139.242,115.936,138.525,119.731,143.045,149.309,142.237,141.876,132.011,115.083,124.673,134.047,130.347,144.068,146.405,119.636,140.113,127.055,130.72,117.691,135.68,133.604,133.57,129.877,112.524,138.708,139.022,130.184,129.11,146.751,140.341,146.263,131.048,137.171,145.772,142.67
0,0,134.511,7.55719,15.6878,101.409,84.4778,86.1925,80.0451,96.4197,89.8458,101.104,106.529,85.5214,119.08,122.127,92.1449,106.225,95.2137,79.4726,121.385,114.576,82.09,104.68,103.807,107.992,157.89,102.163,82.1482,86.3522,124.643,114.788,129.596,114.781,133.122,97.9991,137.305,143.228,150.948,109.108,134.45,149.649,125.364,132.333,156.569,137.803,127.873,133.663,110.768,141.919,110.915,135.903,163.253,201.181,147.195,140.149,137.466,171.556,169.789,192.239,160.556,146.001,156.113,155.612,155.345,171.744,172.328,179.114,185.866,176.833,149.12,167.864,175.91,177.9,184.219,172.027,183.015,167.627,143.939,180.614,173.85
0,0,104.33,0.462755,22.7901,94.5573,107.286,131.335,97.0957,78.3291,46.7195,78.3139,137.735,90.8825,113.465,89.4106,119.438,139.346,150.165,74.3934,95.5017,61.509,71.5327,66.2133,118.041,101.536,74.7667,61.7935,145.464,107.89,64.3814,122.045,109.137,99.8807,137.262,125.872,73.8959,118.557,84.803,107.058,85.9421,95.8188,92.1331,110.44,156.066,117,110.627,86.4691,138.342,94.7902,112.095,132.833,79.6463,104.564,84.0028,88.8705,110.791,104.481,63.9347,85.581,87.0259,89.8933,101.62,126.286,95.5443,105.002,108.102,125.314,66.6333,101.744,122.755,121.916,114.039,71.822,102.813,53.4954,120.354,86.4756,118.346,99.5481,70.4518
0,0,105.441,0.318327,19.4759,79.8968,120.621,109,108.817,77.137,109.821,96.3267,96.0922,96.0253,75.9209,148.859,98.5853,117.749,111.848,123.39,138.203,90.2414,131.772,96.4608,114.096,86.4129,107.805,90.827,115.288,139.27,123.219,84.3624,106.987,110.032,78.7101,95.9704,116.674,104.904,114.045,99.016,91.2621,106.531,123.554,113.363,134.846,98.2746,128.783,98.9193,118.43,85.1875,50.5166,80.6518,136.132,79.0609,116.766,100.832,115.07,64.6171,115.867,90.6084,76.8388,92.9531,104.415,102.875,56.0791,114.126,93.3629,86.8413,94.0505,100.319,76.8369,150.767,79.9546,92.7771,118.761,123.292,107.847,146.701,120.451,117.233,91.4118
0,0,90.8254,0.517025,10.5299,80.019,77.9992,72.6305,63.2624,81.2931,76.0976,87.093,103.963,114.65,94.4603,81.3642,79.9817,92.1264,89.5438,81.8597,76.177,85.6008,85.5936,88.6047,76.9122,83.1224,74.2039,91.7944,88.3083,82.739,109.876,90.969,98.5319,102.183,89.6083,89.8648,92.453,77.6867,89.59,81.3623,91.597,77.5563,87.1,84.1181,84.7888,102.77,98.8253,101.896,109.951,89.1633,87.9899,76.7915,104.933,88.3237,94.2841,91.529,101.481,105.373,84.1322,81.6369,82.0304,91.2954,92.0045,95.1678,102.461,88.0619,85.4827,91.9665,105.568,101.709,89.5959,101.705,87.0609,103.977,76.2098,84.4098,95.2102,93.9156,117.654,95.6412,110.16
0,0,115.832,1.9646,8.88936,105.831,105.662,117.114,101.418,100.517,103.927,96.5345,84.0693,105.147,110.391,103.806,124.875,105.512,107.29,89.5585,116.347,108.179,107.839,102.413,113.142,113.57,116.827,107.262,112.692,111.209,110.724,92.6776,130.268,97.3204,120.483,119.646,128.568,112.071,116.542,102.651,113.152,113.253,121.861,125.793,122.078,123.062,109.894,114.042,109.44,124.143,106.491,114.723,118.124,118.341,118.877,126.091,111.92,128.91,135.368,113.856,131.353,123.986,115.667,118.103,131.237,126.881,122.51,126.864,129.013,117.874,119.765,106.775,126.777,121.343,126.986,127.753,133.597,140.941,128.628,136.554,116.065
0,0,89.5081,1.38928,59.0092,79.2137,68.4937,85.9738,20.8655,85.6691,18.5716,132.614,86.6766,92.2247,36.7246,-11.6161,93.9135,176.289,25.7192,148.079,115.578,33.4784,170.734,187.859,80.2816,101.968,170.958,137.643,78.0489,75.4861,60.9991,24.92,73.8072,-47.578,20.9544,130.615,168.156,19.5276,29.8018,68.7442,72.0956,201.517,79.6256,125.168,126.083,40.6085,221.392,31.9436,108.566,10.4211,98.7904,101.182,37.7101,146.16,40.8731,110.109,26.9055,110.377,138.839,173.938,14.6532,149.225,142.568,95.5039,103.511,131.771,122.797,77.8376,85.732,130.994,123.874,148.066,113.643,130.725,179.193,28.6068,125.825,155.481,171.351,118.487,62.9717
0,0,118.324,0.758382,8.89293,103.324,119.124,124.833,106.667,108.932,105.468,117.841,119.305,106.104,131.001,97.0876,122.999,116.364,105.951,118.477,121.644,121.08,118.767,123.636,115.684,120.012,119.604,116.048,124.403,112.154,93.9341,120.565,100.566,114.566,114.789,112.278,120.701,109.779,112.623,113.608,120.823,120.406,110.886,123.319,130.006,112.742,124.807,120.893,113.765,122.966,122.392,116.884,119.061,129.578,122.117,116.607,137.017,126.563,115.15,118.367,108.802,132.593,128.527,135.104,116.326,134.387,134.874,127.8,123.524,97.1355,113.27,111.938,113.498,119.552,119.122,120.07,127.027,122.994,125.068,108.612,112.262
0,0,106.634,0.637242,7.01677,102.586,104.37,98.5902,100.597,115.271,105.546,107.382,101.965,114.398,102.867,101.473,97.6463,104.764,108.146,103.273,108.95,99.7011,108.049,132.064,96.6791,107.664,108.89,101.883,102.329,92.926,109.484,109.525,102.414,113.433,109.15,104.025,114.665,110.331,103.632,107.238,104.239,111.119,110.512,103.806,106.235,105.811,105.024,107.921,100.269,112.592,108.931,120.063,105.285,104.609,113.352,112.766,106.702,107.725,105.548,99.1587,117.602,117.591,109.346,108.756,106.328,106.323,111.276,115.554,107.84,95.6598,113.026,105.108,106.734,108.866,113.618,102.956,101.329,104.252,126.351,110.515,107.853
0,0,107.092,0.263801,17.6576,84.6099,132.252,86.6585,120.074,114.875,93.5925,118.27,131.492,114.314,93.7314,125.224,79.6233,114.261,103.248,72.9688,80.7173,91.588,108.311,125.837,114.871,114.816,96.7045,130.683,100.093,94.1622,127.529,109.196,111.075,127.439,117.44,102.179,91.3068,106.494,111.655,128.681,111.725,76.1639,94.6118,89.1141,136.608,128.149,85.6434,114.616,89.6613,96.0711,150.502,115.019,147.458,128.272,86.6544,103.766,96.1907,134.142,90.63,118.476,100.994,130.165,130.707,95.0274,99.1147,122.557,116.642,111.322,107.605,104.656,117.062,129.993,119.832,125.119,103.09,104.577,85.0586,88.1846,119.196,108.284,92.9724
0,0,134.782,0.433317,4.52211,123.07,135.056,127.932,133.289,133.282,132.939,137.705,135.78,143.119,125.868,127.721,136.208,151.057,132.143,131.902,137.805,128.973,139.974,133.401,143.164,137.403,127.331,135.688,130.68,131.074,128.171,130.495,127.385,131.944,136.285,131.682,134.852,140.442,137.178,135.783,130.812,147.632,146.128,126.179,129.569,136.786,137.611,137.903,128.636,134.294,132.028,137.178,146.906,131.707,131.136,134.477,132.663,139.069,136.45,137.991,141.296,136.128,135.992,146.839,135.057,129.111,135.892,134.794,143.168,144.469,132.987,142.251,131.12,137.43,145,143.404,140.002,144.136,131.436,139.361,131.121
0,0,122.54,3.1667,1.71108,99.5842,99.0815,101.819,100.475,105.218,104.125,103.391,106.645,102.169,107.545,109.32,104.797,107.073,107.665,105.855,110.994,111.459,113.051,111.139,110.2,112.911,113.737,117.534,116.55,115.786,117.269,114.746,115.272,120.048,116.396,117.454,119.822,123.263,120.685,119.165,120.481,122.842,123.204,124.027,123.195,125.984,127.716,127.987,127.976,124.342,128.289,131.555,131.238,128.797,128.257,129.362,133.204,130.935,131.428,136.961,135.626,138.832,137.258,137.323,138.111,139.727,137.64,139.498,138.637,140.061,141.245,144.107,142.445,144.608,145.004,144.578,145.151,144.941,148.188,149.3,149.777
0,0,80.9634,0.978835,7.14062,65.9587,71.9453,72.2272,64.311,83.2103,74.0493,66.5725,71.3434,68.277,85.6195,71.6438,81.3414,62.6758,61.3856,88.5747,77.0696,71.4937,89.5232,87.7377,77.8394,81.5909,86.0214,79.8232,92.7062,77.5294,71.9876,76.6867,71.0025,69.6604,75.9775,90.2218,75.9123,78.1878,78.982,87.2076,77.4146,65.9382,84.8422,86.3256,73.6493,75.1253,92.1633,96.4626,81.5917,66.9452,86.4021,78.8667,82.9803,82.0216,74.2368,92.8973,84.5657,80.3576,82.8435,88.0396,84.7203,82.4114,90.5337,90.6193,93.3128,82.1439,90.9703,83.3013,91.7529,95.105,97.5062,82.2053,98.2112,84.5852,86.7129,95.3229,72.2934,91.7629,94.7237,83.1309,87.0132
0,0,104.5,0.107066,1.08533,102.447,105.959,102.983,103.892,102.658,104.008,104.071,102.515,104.502,103.44,104.395,105.405,103.137,105.11,106.614,103.894,103.335,104.032,102.477,104.072,106.337,104.81,104.843,102.896,106.117,103.894,104.856,104.219,103.893,105.333,104.152,105.793,105.52,103.727,104.655,104.075,105.654,106.178,102.605,104.42,104.147,106.345,103.89,104.786,105.393,104.31,104.611,104.644,105.344,105.127,103.643,103.912,105.388,106.241,103.498,105.837,104.188,105.368,104.811,104.445,104.966,104.913,104.634,105.25,105.289,105.103,105.299,102.931,105.869,106.414,106.273,103.977,103.733,107.144,105.409,103.71
0,0,122.038,1.53675,8.96485,112.03,97.4857,105.705,113.996,118.918,113.244,114.621,122.308,100.28,111.792,111.073,134.751,104.315,106.483,130.91,112.556,113.839,128.496,128.59,105.894,126.972,112.769,122.024,129.969,113.601,117.633,111.399,107.945,118.117,127.984,131.41,127.013,132.563,123.53,111.724,134.206,114.391,103.82,118.42,124.813,132.42,108.489,107.403,133.941,126.953,118.332,124.296,121.76,123.913,126.649,115.637,124.401,118.393,127.348,127.143,141.555,138.641,123.681,150.258,137.612,147.015,124.615,138.827,132.749,140.204,139.363,133.84,121.044,139.194,117.864,132.303,109.929,119.867,125.74,126.842,130.996
0,0,92.7952,1.84919,19.872,45.0127,74.9309,82.1853,79.5788,89.1125,119.554,111.604,127.313,73.0514,90.8272,88.9629,103.206,95.5759,100.201,124.459,56.7332,101.589,98.2962,90.4053,111.216,107.198,62.2369,55.5204,70.8089,92.0161,103.087,97.8984,76.1316,115.703,104.819,115.03,87.4198,65.9792,73.3412,129.429,131.2,89.6517,108.195,92.2328,107.982,86.6118,82.6981,121.277,94.7984,58.0438,96.5219,117.043,104.45,76.7743,86.7275,119.619,73.6224,96.799,98.5622,91.4413,120.993,113.869,128.053,105.363,127.84,94.6824,114.555,98.7144,90.1648,73.6762,113.591,104.237,92.0057,70.7528,83.9853,96.0234,129.785,131.665,132.261,98.93,127.498
0,0,125.027,1.64068,28.7539,136.721,67.5513,73.2568,95.5352,93.1966,109.264,82.021,126.354,141.147,105.042,125.166,139.371,131.569,127.343,139.01,122.344,89.4692,98.0638,83.0224,145.596,172.628,104.707,117.026,146.491,153.494,142.064,153.264,79.0962,118.297,163.363,135.733,176.414,88.6508,149,143.751,114.667,120.346,112.689,155.653,90.9329,85.7928,131.297,109.06,124.864,107.172,125.309,136.869,105.008,165.56,124.46,162.763,174.208,165.306,215.554,155.076,234.982,141.354,122.096,140.419,144.085,129.547,95.4972,165.125,152.07,93.5008,103.235,98.3757,126.742,129.606,120.422,146.61,135.577,95.7448,112.777,148.85,150.567
0,0,113.163,2.57774,12.8598,102.366,84.0561,78.7883,123.37,126.633,82.3958,97.4865,96.3589,95.4474,103.988,125.301,95.9269,116.783,87.2986,117.388,100.058,102.492,92.9048,90.3832,94.4527,78.738,87.829,108.314,125.586,96.7019,109.928,100.758,116.858,114.279,103.42,105.898,85.841,96.718,92.6592,118.227,123.996,91.1126,123.939,110.098,128.227,145.904,113.346,98.9777,137.751,123.028,130.234,112.058,130.83,136.377,104.733,115.791,135.77,132.16,111.559,136.307,121.889,133.031,110.344,125.954,128.913,131.939,150.542,118.411,125.662,149.591,136.285,141.126,134.372,105.408,154.289,115.275,126.398,122.821,133.514,125.989,122.129
0,0,104.34,1.80983,4.36275,93.2146,93.8765,95.3207,92.0453,83.5472,93.645,89.2397,87.8786,94.8563,103.586,83.8294,100.054,91.8966,95.0723,97.8211,99.0376,97.1264,103.816,92.3434,100.241,98.6381,98.6121,97.1861,104.334,104.882,99.2483,102.401,98.864,104.907,101.271,104.18,96.5018,115.891,109.085,102.995,106.945,101.444,105.949,104.679,93.894,102.593,102.929,101.98,109.492,105.773,106.709,103.565,105.577,102.689,105.069,113.563,114.889,107.221,113.893,107.403,117.04,108.853,112.144,109.858,119.072,116.941,112.822,112.574,118.018,117.905,118.906,123.149,111.401,110.367,122.068,111.5,114.03,110.567,123.355,109.215,121.271
0,0,74.9747,0.530415,31.4725,12.691,89.2568,79.3994,39.5764,69.0994,135.156,67.4821,29.6576,56.8635,77.8122,116.106,79.6898,78.7101,99.1618,70.3496,106.509,27.0531,102.766,105.773,33.0838,92.536,49.6849,61.1641,90.6369,38.3833,111.454,119.601,77.715,32.994,83.2091,85.9488,116.71,66.797,40.3004,65.6589,123.969,41.7325,13.7236,24.5365,35.9223,53.0033,51.1656,14.6713,117.263,66.5849,38.248,125.701,40.2267,85.9358,63.2847,87.7175,128.326,40.8307,82.6503,25.1755,94.0451,133.233,82.8249,35.2309,84.2295,72.439,103.661,35.6092,86.4906,62.8264,18.0262,63.1042,65.6154,109.14,59.3038,21.371,44.9788,67.3356,93.1563,144.928,124.619
0,0,98.0069,0.822538,47.0728,96.4273,58.2026,148.198,118.236,120.011,96.1145,80.2857,104.12,70.9872,94.753,131.794,63.407,155.682,76.4173,94.7717,53.1969,137.717,78.1364,191.735,134.195,57.6688,19.3919,106.961,110.567,67.6975,194.82,128.811,79.7318,163.085,45.1278,106.715,157.114,107.869,189.95,89.2716,77.7089,112.549,137.769,129.729,76.6046,169.098,88.6031,154.937,99.1858,111.884,103.86,149.076,117.074,147.301,34.4137,80.8015,97.7114,149.5,68.3147,16.4429,98.2738,50.6222,173.596,138.236,100.494,145.329,104.356,72.5294,177.616,97.9046,47.7044,101.143,195.707,92.3465,86.8516,58.4983,190.185,164.422,131.713,115.091,154.078
0,0,125.695,2.14432,40.3264,166.272,164.78,146.88,108.988,61.1788,217.033,34.0174,78.1056,140.379,98.6657,166.57,113.164,94.6917,183.705,48.4583,171.036,88.3652,169.883,91.6234,139.555,147.851,116.646,49.4849,87.8354,131.807,129.194,120.548,119.799,83.7256,133.143,121.946,112.175,136.753,188.881,88.6965,165.288,185.812,106.703,182.841,156.993,126.407,123.289,114.592,198.734,98.3835,127.202,113.191,65.2328,153.376,127.087,103.454,106.978,105.737,111.796,136.556,126.857,211.921,175.291,138.382,109.138,83.8165,254.018,139.756,127.262,198.475,142.369,57.5499,128.455,200.803,187.693,83.9176,164.096,147.524,156.929,194.507,121.645
0,0,101.95,2.84696,6.34294,80.8721,85.91,76.9626,77.5634,89.877,81.7797,91.4484,93.0193,90.0064,81.9828,86.5256,92.1224,84.0268,87.0027,72.802,88.6532,98.6918,93.8435,103.958,102.49,98.3549,93.68,87.8738,96.2724,98.8122,103.525,93.799,94.3587,94.0263,96.5994,99.1001,89.8457,97.5446,92.5439,92.0339,100.042,85.9365,104.372,106.395,112.579,109.259,116.379,99.1513,95.213,108.638,109.949,104.085,118.477,108.986,113.776,108.675,114.652,120.4,108.528,119.962,108.559,119.271,118.567,123.577,115.653,124.801,118.606,113.989,111.964,118.725,119.121,110.457,128.243,119.197,116.423,118.274,111.241,119.874,126.855,136.074,129.332
0,0,104.733,0.302786,40.2568,36.7435,136.332,152.877,113.649,91.3119,108.125,76.3722,149.165,163.024,89.1502,68.291,74.106,49.4148,108.343,102.571,23.7321,57.3634,125.827,81.8687,154.059,80.3364,136.37,53.3052,68.5655,31.5043,191.514,111.272,135.951,152.299,74.9858,126.193,126.364,134.646,52.131,133.468,72.7509,108.05,82.8651,128.218,63.3594,135.58,164.08,127.962,111.907,74.0741,143.906,137.102,121.967,127.328,104.992,82.4679,138.713,205.394,106.204,101.426,70.9896,82.8691,37.2811,120.066,177.048,155.739,141.843,131.897,71.8171,184.787,121.311,108.461,141.876,124.421,110.587,124.221,57.95,162.11,109.478,67.2428,123.537
0,0,105.99,0.3751,33.0327,100.387,150.964,90.9089,101.515,79.0826,80.9996,72.551,91.9381,87.292,56.8492,119.546,37.4673,98.6543,47.4454,134.74,111.246,76.3851,29.5567,130.272,116.391,60.9857,19.6408,79.4389,123.745,92.8404,144.84,160.205,104.604,71.2242,71.2301,136.726,96.7521,86.8086,30.5019,117.539,97.6736,55.4802,101.547,180.377,51.1748,128.871,62.9111,126.217,115.235,59.7638,41.2182,107.449,117.114,45.5798,190.713,157.125,99.9485,67.0829,78.5883,118.822,104.309,124.601,45.5322,147.539,105.747,35.4698,83.2324,61.4191,102.18,92.5796,62.5374,85.6552,160.991,133.876,115.089,90.6892,164.154,99.8847,157.001,130.855,178.535
0,0,105.843,0.946844,4.27064,98.4625,102.197,102.555,95.4978,105.621,99.8629,101.305,103.239,105.807,94.7676,93.2398,102.849,101.594,98.6742,104.989,99.6186,93.0075,102.572,106.206,100.69,98.2366,102.286,104.565,103.628,101.012,101.666,98.7087,102.94,99.9607,108.884,112.248,109.493,108.219,104.152,103.923,109.353,109.347,102.122,103.068,102.845,108.947,112.061,104.784,105.006,101.895,109.179,113.538,105.917,109.036,107.586,114.629,108.706,115.033,107.846,106.056,105.271,113.001,99.2998,107.35,109.974,102.808,109.713,113.456,110.579,109.403,112.858,116.277,107.748,117.391,115.546,112.071,109.854,110.32,109.099,107.886,120.177
0,0,96.4878,1.00194,44.3896,11.4748,69.0579,79.7244,76.9973,89.9497,37.4361,82.4149,139.105,189.872,135.979,133.148,137.664,143.635,-4.17004,162.793,72.6596,84.0224,50.7948,72.7042,83.2612,43.7655,77.0148,114.134,81.8897,39.927,119.668,123.882,77.1848,126.163,11.1787,108.982,125.03,91.8377,32.2799,-45.6318,96.8299,143.546,-5.43661,70.2576,187.699,101.347,95.3963,36.6559,124.347,96.0916,152.336,88.9667,110.715,38.5308,124.344,154.959,19.1087,120.212,32.5037,122.425,69.283,118.3,74.3545,101.176,110.041,26.7311,67.1751,94.0013,92.6321,60.6113,148.179,48.9502,103.701,94.6788,83.5974,4.08969,127.879,167.118,181.681,75.8992,87.2191
0,0,92.9976,1.65022,10.1172,93.3127,98.4658,79.7011,68.2132,67.6378,89.7039,86.5828,99.8577,96.2623,102.739,80.6898,84.6912,102.8,81.6512,86.8949,83.246,91.3954,105.771,99.1249,100.957,96.4295,90.9495,94.129,89.0323,78.3486,90.9698,84.7938,98.5707,107.004,95.0978,86.6065,85.6358,80.0102,94.6104,88.554,89.7781,83.027,88.2719,108.835,95.9689,79.9951,99.7637,95.789,105.131,82.2852,103.154,109.934,103.507,95.5541,85.6744,90.0341,90.895,101.968,98.901,102.78,95.8459,98.3624,96.9272,103.829,105.572,112.86,101.298,92.374,107.972,98.1828,94.629,97.0508,85.7601,93.227,92.5992,108.969,95.8462,102.351,111.545,86.8074,92.4195
0,0,84.1437,0.0925049,12.4489,95.0541,97.4386,76.6735,67.1276,77.091,85.6385,83.9323,92.0398,114.255,88.988,95.7685,96.7071,75.7843,83.4702,89.0258,86.0118,84.6762,72.7849,91.25,94.5475,95.3435,86.1789,68.8094,102.255,70.8644,79.759,87.2262,78.0998,83.7117,77.4743,98.8548,87.1329,92.5119,58.5658,93.1047,77.9037,87.4553,81.1932,71.4918,84.2657,91.4556,91.2515,71.8339,64.9078,83.8015,88.2454,102.911,85.8378,82.4256,92.9542,88.8008,76.7798,58.0307,74.5728,98.4517,74.6974,102.198,92.2469,73.2104,70.7529,85.6953,86.2658,87.3888,79.4316,90.4637,81.6607,99.038,93.8777,77.4214,103.415,110.756,100.444,77.9304,91.533,100.528,102.383
0,0,90.4299,5.09938,18.8962,62.6412,64.7934,78.2351,59.6973,58.7619,100.179,62.2023,62.9235,70.3536,77.8004,34.769,91.7589,62.8823,71.5377,66.4138,56.7592,67.738,84.8651,62.8139,58.5335,80.2528,46.9056,66.2102,78.2738,60.7485,91.0318,62.1071,105.063,93.5607,103.554,110.926,54.9993,71.491,97.3416,17.8161,115.416,92.4572,83.043,73.4146,104.266,124.99,89.8007,101.809,102.309,101.077,111.146,86.5242,80.4382,83.969,141.045,91.4281,92.406,109.117,114.354,131.726,81.2204,111.746,106.683,116.637,136.926,114.036,132.502,130.526,105.978,87.816,106.253,151.157,90.8533,91.4855,146.273,114.467,120.054,161.53,90.3831,125.301,153.46
0,0,105.594,0.303344,3.81769,106.768,102.831,102.782,98.881,106.3,105.218,107.844,101.88,102.685,103.848,113.283,99.3046,105.863,96.9856,107.279,113.943,107.638,101.594,104.415,98.1695,101.515,111.124,100.054,102.576,107.287,97.1886,100.564,104.066,111.808,108.533,102.812,105.823,106.099,104.326,104.085,102.176,103.223,104.771,110.709,102.542,110.781,102.16,104.486,113.055,109.302,102.614,107.172,106.57,104.228,103.905,109.863,95.2215,107.48,109.074,107.515,107.649,107.843,108.898,109.284,111.723,110.274,101.94,105.111,108.877,113.074,108.515,99.1381,112.866,109.187,106.128,104.574,108.352,109.371,111.331,108.911,101.785
0,0,103.496,1.57818,37.0979,89.3451,120.039,80.1935,147.867,114.572,81.1487,74.3839,69.3768,159.61,110.765,115.622,155.984,165.271,99.9418,62.3097,124.385,97.2757,13.9628,107.688,81.9819,189.873,50.0459,135.87,82.3326,44.9989,50.6798,150.69,118.973,112.823,128.963,76.0459,175.514,81.773,46.55,33.8793,86.3339,94.4263,136.001,105.63,179.415,165.419,118.967,160.45,188.609,125.109,105.886,156.727,141.424,105.096,73.5522,117.571,97.8847,113.339,138.962,112.868,111.528,62.6976,146.422,67.8032,142.855,62.7637,99.9772,70.2398,66.0335,123.867,72.7227,100.154,77.4181,106.872,160.432,132.566,167.123,130.351,130.328,99.4663,90.5934
0,0,126.484,1.11523,10.2162,109.578,121.616,117.177,119.902,112.71,119.562,117.915,142.578,123.653,126.105,131.853,115.512,112.238,121.651,102.473,132.449,105.327,132.186,122.888,115.667,121.507,123.91,128.25,133.015,122.359,144.631,117.918,121.453,124.646,136.027,103.056,127.278,122.123,104.992,138.398,110.057,139.419,130.624,116.889,135.84,132.473,130.064,128.322,139.964,139.37,135.951,103.609,145.158,116.574,125.814,144.584,125.051,132.779,130.515,145.733,136.192,123.631,124.014,146.969,133.218,120.667,138.511,120.811,125.707,114.232,149.764,143.466,136.05,134.902,136.491,114.964,127.282,122.105,129.61,132.566,138.348
0,0,77.1142,4.27332,2.56915,47.9458,47.6266,50.1644,53.2463,50.8483,48.0264,51.3991,55.1529,49.8999,52.7801,52.4724,59.5349,56.5472,56.6167,58.6133,56.2399,63.2553,68.0001,60.776,64.9588,62.923,61.9346,65.1917,69.3059,64.1646,68.9184,69.8751,68.5676,70.6941,70.651,68.6875,73.4529,80.0402,71.7628,74.3027,77.0036,82.7227,74.2717,78.3117,82.5168,79.6416,82.5532,80.9872,80.6676,84.7162,82.5636,86.8258,87.1256,91.778,88.1285,91.0114,86.0837,92.94,96.8464,93.2432,97.0273,93.8055,95.6309,100.615,95.7986,101.55,97.5257,98.576,100.436,99.7737,102.746,104.329,105.351,105.181,106.326,106.973,107.855,110.607,106.183,109.72,107.843
0,0,71.7707,0.495461,23.5523,95.2041,65.7269,60.1071,80.5086,65.3041,7.33443,60.0763,88.4248,92.3996,72.9154,102.764,42.783,49.3021,125.337,59.4551,71.1759,63.8881,94.9927,103.352,48.791,51.5879,70.7037,63.1314,111.91,86.0722,92.9567,63.3055,46.8891,78.1832,45.8041,42.0883,34.9878,84.675,67.6503,91.0144,70.703,41.863,94.1046,46.3619,71.3847,74.298,77.3462,77.4283,25.1666,40.9223,55.9102,67.9673,105.067,96.2359,72.7769,67.749,88.4148,74.6395,64.3498,93.4665,43.6837,39.4208,85.2811,69.3616,54.248,94.698,29.2349,47.7509,89.2623,73.8524,41.0763,74.2941,34.4064,48.5989,106.335,96.7172,17.5247,58.6442,31.2621,77.3346,55.7126
0,0,118.287,0.507965,42.8254,166.201,139.544,212.162,180.958,57.9888,240.651,143.482,192.356,67.6715,11.9032,93.9188,122.441,190.014,13.9407,112.421,66.1542,141.475,62.7557,133.785,84.6727,97.5447,155.09,102.762,111.19,171.726,176.027,105.737,137.005,132.953,180.185,91.2184,163.853,188.821,50.2322,189.945,88.5762,119.005,78.1641,190.723,139.834,162.611,138.187,121.471,135.182,127.824,74.7907,190.914,127.88,101.614,151.861,151.252,108.479,145.893,86.6573,160.071,159.787,98.5729,93.549,0.366396,137.007,143.593,125.844,178.765,123.1,99.1107,140.086,163.268,144.019,88.8706,131.74,187.556,102.85,96.1148,137.561,140.24,134.339
0,0,111.199,2.92596,13.6395,113.383,78.278,86.0258,84.5363,109.751,75.9269,106.059,82.5955,82.0529,112.426,109.438,89.0763,109.525,140.138,84.0671,91.4477,93.7102,100.235,82.3489,96.2932,112.475,106.277,73.4144,94.3182,97.0219,121.99,117.584,116.23,105.589,113.323,116.571,128.406,128.118,98.9361,108.717,119.808,114.828,110.556,110.429,122.206,123.591,108.804,123.675,132.487,114.524,118.05,114.758,118.013,111.712,89.5513,140.473,108.517,107.723,118.599,151.217,131.411,136.906,119.675,111.785,124.165,139.799,143.04,110.242,112.389,129.142,144.935,114.432,129.919,124.831,133.197,109.818,156.95,121.397,122.019,138.92,145.355
0,0,101.088,1.39129,14.5198,72.1189,107.584,85.6917,101.703,90.7256,77.0585,100.127,104.756,80.4003,111.11,72.7855,121.324,122.622,83.3932,103.202,69.4218,104.351,105.66,100.652,90.2077,79.5189,82.5869,51.63,106.735,83.5385,89.1527,78.5568,95.507,116.211,55.2829,107.284,92.9022,93.914,102.725,125.726,110.517,97.2057,118.651,81.2708,119.506,117.479,81.1887,105.181,88.2778,114.9,90.3323,109.594,110.788,105.36,117.331,86.2732,97.6596,113.017,95.6321,117.451,110.378,113.788,115.507,118.751,101.732,110.476,119.069,91.5091,120.892,135.282,110.201,126.895,104.074,136.25,89.6404,122.883,83.5161,128.454,110.616,112.955,136.494
0,0,113.33,1.08002,45.1011,134.091,179.744,77.9194,135.343,123.086,86.9113,173.06,146.688,120.015,138.704,82.4505,84.0561,128.953,183.521,186.547,135.72,122.773,59.2176,99.4344,95.2798,199.628,99.3024,96.3315,82.026,24.8414,148.982,108.031,159.108,67.6066,118.229,158.509,118.826,31.1287,99.1773,68.603,78.3173,92.3976,160.218,121.326,154.36,93.2026,96.2549,140.731,73.936,77.1983,118.808,142.869,126.467,149.534,49.5422,63.8065,144.23,161.261,105.796,84.4128,171.107,115.73,98.7184,140.042,218.59,51.0146,68.7909,91.6873,77.0755,147.798,182.394,133.932,79.08,164.054,68.0444,109.311,64.6777,93.5091,173.05,79.644,123.879
0,0,114.531,0.237528,23.1555,124.274,110.74,110.345,97.4643,104.036,170.512,95.2429,125.101,139.476,116.333,111.922,98.9177,99.5866,102.412,129.593,107.232,133.133,101.813,79.7341,127.816,146.417,77.3854,68.1627,106.668,139.734,101.779,128.364,118.174,91.046,52.6952,69.0821,119.327,99.2407,100.158,120.523,75.8449,110.653,126.484,79.1174,116.06,94.4958,125.306,100.107,94.6276,145.056,119.663,178.565,105.202,123.809,106.845,95.7839,115.98,117.729,124.027,99.1878,115.599,145.706,111.444,124.868,77.4281,142.379,103.255,149.597,123.692,94.7492,131.277,101.076,137.073,78.8678,79.1142,88.5844,116.183,89.4274,116.701,107.492,95.9924
0,0,129.047,0.868446,5.68517,124.484,123.217,128.921,119.537,122.545,128.527,122.1,128.073,118.576,133.94,120.605,127.902,126.208,127.809,116.809,123.816,127.381,120.888,120.489,131.424,133.836,126.017,124.613,121.767,122.52,124.658,113.442,127.436,127.745,126.886,137.529,129.526,129.048,136.92,124.132,120.187,127.276,131.564,119.802,129.348,122.035,133.578,137.964,141.409,134.287,131.085,135.889,130.389,135.657,127.605,136.02,125.702,136.072,127.258,127.039,127.322,126.893,135.095,135.903,136.633,133.728,131.101,132.84,144.525,131.999,126.014,132.449,139.533,136.37,132.574,131.241,134.262,137.334,121.121,144.864,139.422
0,0,101.76,1.80455,9.96353,85.4478,75.6141,89.7611,87.2887,112.449,104.054,108.816,105.809,106.512,86.5693,81.9881,97.8646,89.7165,86.6353,112.047,99.2898,89.825,88.9806,90.5084,109.143,111.315,102.608,109.329,103.153,103.592,78.6977,114.1,88.8726,79.5102,99.2322,94.5864,99.8088,103.253,104.338,102.706,121.32,118.771,99.9051,127.292,104.445,106.701,118.336,92.2456,99.3595,95.1246,115.241,89.9529,121.695,93.2189,118.281,119.391,100.983,91.6278,99.6507,117.729,102.214,123.879,104.505,107.785,132.715,110.102,105.477,116.125,116.246,109.063,91.9135,108.06,118.171,107.949,114.567,126.172,105.109,103.045,118.08,104.233,121.37
0,0,111.234,1.61104,16.049,110.274,89.7004,106.978,72.7921,98.9876,69.2907,100.602,119.115,76.1566,84.2862,90.9997,104.666,103.141,105.182,109.291,97.7519,114.849,113.956,130.227,114.589,88.5652,93.6018,105.535,97.2546,103.452,142.452,145.406,93.0813,124.451,109.754,117.484,94.9903,112.736,103.568,113.489,135.466,105.773,116.698,102.611,110.129,91.9835,116.746,135.685,109.293,106.045,90.175,140.57,115.646,110.23,101.499,118.406,111.657,116.652,92.3345,103.998,124.967,150.851,127.898,125.149,127.938,119.91,116.661,79.4441,110.077,136.485,126.568,96.9133,102.921,150.463,133.514,129.651,114.264,137.366,127.352,116.99,119.539
0,0,117.176,1.69852,3.60284,110.427,99.26,109.078,107.919,103.527,111.629,106.373,111.147,111.118,108.368,111.535,105.769,108.354,114.615,106.4,110.556,119.549,112.857,105.314,108.616,110.979,111.379,116.094,114.228,114.22,113.707,118.818,119.475,109.62,112.505,112.101,115.556,119.8,116.858,118.089,119.08,115.367,122.652,118.026,121.646,113.642,107.854,115.57,122.294,116.195,123.936,121.448,112.9,122.011,125.737,121.987,119.544,124.08,124.607,120.279,122.642,124.83,128.076,123.561,124.651,118.078,124.432,129.006,129.482,130.931,128.719,126.771,130.268,126.968,132.769,135.04,130.96,128.892,134.905,134.228,132.889
0,0,125.376,0.877386,10.3455,135.513,112.668,102.432,115.649,124.716,119.676,114.566,142.695,117.919,125.263,132.476,131.158,115.143,124.232,125.814,119.465,113.954,141.04,121.402,109.752,116.083,125.305,119.93,128.877,106.639,142.39,111.027,117.647,125.521,122.158,115.522,118.434,123.847,119.824,134.818,128.886,128.976,122.064,117.759,126.588,131.443,136.782,126.523,116.254,116.166,127.369,124.267,134.914,121.473,142.73,135.426,142.976,136.227,121.66,123.931,126.054,137.583,135.99,125.175,138.154,116.847,125.719,131.075,131.612,150.525,117.618,130.7,132.015,147.303,142.355,134.985,132.446,141.291,122.659,126.829,129.963
0,0,108.17,2.03888,54.0635,92.013,43.7765,112.748,168.725,69.5864,115.206,86.4748,56.2481,271.037,74.2757,58.8279,69.8953,152.246,81.4568,26.7689,112.85,148.252,119.586,179.086,108.783,177.942,79.3485,86.2513,104.868,125.593,115.893,48.1748,159.769,158.292,69.4885,82.9839,121.803,104.868,128.278,-56.3702,69.7625,105.936,137.422,72.4607,76.5581,53.6764,139.763,105.696,77.5947,164.32,176.672,141.272,154.732,69.0008,121.265,132.158,103.829,179.09,134.447,130.409,68.7578,225.992,142.809,211.128,152.721,121.907,43.9753,84.7612,40.9096,84.8373,136.182,80.1999,67.3686,128.29,49.9606,75.9548,152.931,201.899,4.16616,156.633,77.2184
0,0,124.215,1.38352,3.79832,111.912,118.424,116.711,117.894,114.979,118.687,110.865,117.445,119.649,119.551,115.331,122.447,118.155,122.245,120.096,116.1,120.397,121.526,124.039,121.556,110.976,121.623,121.008,114.543,114.723,118.884,122.508,119.539,121.58,119.507,124.261,126.226,121.908,127.106,121.89,128.096,122.282,120.848,126.667,131.896,123.002,120.755,124.708,134.436,128.477,129.482,128.379,124.783,132.051,133.75,121.518,131.125,137.077,128.153,124.827,127.256,126.113,126.611,133.476,129.996,130.737,130.42,135.248,128.802,131.888,137.066,134.402,133.062,127.829,141.46,130.072,129.382,135.664,134.197,132.718,140.443
0,0,80.2484,1.32256,8.20035,90.6548,70.5473,72.8315,61.3123,68.858,62.5968,68.7712,61.6179,70.0245,77.3986,77.0978,80.3329,69.0372,58.948,64.5641,98.1991,82.1337,72.4224,75.1013,75.4685,69.192,65.5357,87.5669,63.7653,79.543,83.1727,71.3762,78.767,67.4737,63.9298,76.1017,77.5192,82.5464,77.1203,82.0201,71.4299,75.5524,93.1854,75.2917,76.2249,83.4443,75.3166,81.5988,73.7882,95.9254,75.8083,81.1788,81.0839,84.8226,65.4102,74.646,87.5651,90.5714,88.1062,95.8902,98.366,98.9124,91.1244,78.5289,86.7065,98.6159,99.3406,96.7606,94.898,90.6284,83.537,93.6556,77.8079,70.7509,102.169,89.2669,92.4204,97.4852,82.787,82.9317,89.4556
0,0,102.48,0.320355,29.5649,119.782,100.297,80.0483,105.735,88.4839,97.5208,94.1079,74.6669,134.128,98.0272,70.7079,62.705,63.0176,124.87,80.0778,44.1255,74.8804,57.4702,60.0849,70.6102,129.01,159.505,88.7152,102.364,119.587,108.161,74.0704,56.2529,157.64,123.814,74.5019,105.998,87.1219,106.271,158.148,95.8594,67.7825,83.1932,128.46,95.249,105.356,147.441,79.7131,115.612,158.552,61.4434,117.107,141.397,83.4128,167.175,74.7487,125.968,106.062,113.4,117.491,99.4072,70.4075,108.958,118.754,114.594,151.697,112.83,41.7225,78.27,92.9527,157,143.568,94.5714,43.2814,81.5521,120.518,151.626,61.5625,58.681,71.3489,71.2639
0,0,84.7961,1.34512,4.31818,74.5136,76.5263,70.7638,76.0991,83.2416,74.0563,75.9926,80.3954,86.2031,86.9176,86.9082,77.1997,79.5942,73.5741,82.217,80.3971,81.6013,83.1331,78.7605,79.1711,85.1564,79.5572,73.5944,71.4793,86.4786,73.6681,84.737,78.9445,80.7517,91.1033,77.1315,82.3518,81.3612,85.1721,84.6106,83.0458,82.3791,88.6292,84.9565,97.2768,100.151,90.5219,83.6065,79.6691,81.0404,85.1865,99.3518,92.397,89.447,95.3915,86.6429,92.7756,89.8717,93.1701,79.6682,93.0612,90.4379,91.5178,84.2665,91.3419,87.2776,95.9008,92.787,92.2543,95.4823,85.5763,96.7706,99.1005,88.9852,85.0201,99.231,94.0367,97.1752,95.9597,91.2159,89.0464
0,0,91.6245,1.95839,20.7341,112.575,79.6415,70.9014,49.8849,73.9798,63.8549,63.5707,64.9321,136.191,100.092,56.8831,73.5828,103.847,95.9412,80.6006,73.2285,60.361,111.777,83.3541,79.2913,54.5239,90.9569,100.131,138.301,100.537,77.1128,104.198,103.465,91.0498,66.7386,79.3131,83.1358,82.9467,88.5179,75.0919,95.8544,82.6794,103.789,102.539,108.73,109.962,78.8749,81.4334,118.944,125.601,75.6019,131.193,72.9072,93.4018,128.48,79.122,76.3179,85.0238,92.1244,74.5553,59.5052,102.578,92.1586,73.0623,150.415,116.51,74.5095,108.164,111.372,111.262,76.6746,91.3918,130.255,108.69,104.397,86.9214,71.9634,76.4976,65.8252,72.9211,109.39
0,0,111.303,0.755367,14.5453,90.2443,122.771,103.181,111.893,126.92,145.538,116.566,88.8728,107.31,110.443,103.593,118.091,119.184,124.499,82.3056,100.177,113.751,105.712,109.367,102.769,122.261,100.318,113.253,112.812,116.166,100.534,110.482,98.4616,102.487,127.9,110.133,126.99,137.09,123.534,107.457,111.442,99.3665,119.595,107.683,114.228,108.145,131.317,95.8404,83.643,108.447,102.059,95.9792,99.7882,110.342,101.612,101.656,145.489,112.462,108.819,120.42,113.064,110.648,134.674,128.141,106.98,111.455,107.449,142.621,106.035,127.563,91.2002,102.01,104.751,112.804,128.391,100.611,137.341,97.5406,120.998,136.471,117.943
0,0,114.297,0.477737,4.07844,108.452,119.617,109.167,114.524,105.049,111.758,107.318,106.412,115.329,108.046,112.496,116.301,118.048,107.042,115.07,110.224,118.806,112.863,107.005,111.776,112.896,115.744,120.779,119.774,120.477,114.858,109.482,109.263,116.526,116.906,116.755,114.131,114.463,115.801,112.346,113.181,115.92,120.642,118.969,114.478,107.402,119.195,115.069,120.519,114.308,110.497,118.806,115.484,115.633,108.76,119.414,119.665,117.086,117.507,118.382,123.129,111.842,116.788,120.61,117.313,117.072,110.928,115.287,114.204,114.669,122.975,119.649,116.586,120.842,107.967,119.641,118.53,117.572,115.86,120.643,112.989
0,0,109.212,0.990451,9.70727,108.661,120.265,111.436,100.364,101.025,103.63,123.001,111.367,105.189,104.417,99.8877,117.589,112.204,96.6688,99.3542,110.626,101.815,108.631,117.76,100.788,123.25,93.8219,117.923,110.607,107.323,98.8717,114.166,110.549,114.547,106.756,100.641,130.291,118.559,90.6693,91.76,100.855,104.76,108.644,119.895,128.602,116.99,99.3916,117.724,101.025,116.971,103.299,118.894,114.225,120.728,116.697,114.41,106.838,121.888,105.223,116.715,107.062,111.397,101.92,131.851,110.604,114.896,103.578,102.835,114.11,128.341,129.447,109.974,120.775,118.591,123.24,121.874,123.605,116.715,122.8,121.423,116.714
# 
#  Elapsed Time: 0 seconds (Warm-up)
#                0.255 seconds (Sampling)
#                0.255 seconds (Total)
# 
